10
10
10
10
10
10
10
10
10
10
10
10
10
10
10
10
10
10
10
10
10
9.9
9.8
9.7
9.6
9.5
9.4
9.3
9.2
9.1
9
8.9
8.8
8.7
8.6
8.5
8.4
8.3
8.2
8.1
8
7.9
7.8
7.7
7.6
7.5
7.4
7.3
7.2
7.1
7
6.9
6.8
6.7
6.6
6.5
6.4
6.3
6.2
6.1
6
5.9
5.8
5.7
5.6
5.5
5.4
5.3
5.2
5.1
5
4.9
4.8
4.7
4.6
4.5
4.4
4.3
4.2
4.1
4
3.9
3.8
3.7
3.6
3.5
3.4
3.3
3.2
3.1
3
2.9
2.8
2.7
2.6
2.5
2.4
2.3
2.2
2.1
2
1.9
1.8
1.7
1.6
1.5
1.4
1.3
1.2
1.1
1
0.9
0.8
0.7
0.6
0.5
0.4
0.3
0.2
0.1
-2.22045e-16
-0.1
-0.2
-0.3
-0.4
-0.5
-0.6
-0.7
-0.8
-0.9
-1
-1.1
-1.2
-1.3
-1.4
-1.5
-1.6
-1.7
-1.8
-1.9
-2
-2
-2
-2
-2
-2
-2
-2
-2
-2
-2
-2
-2
-2
-2
-2
-2
-2
-2
-2
-2
-2
-2
-2
-2
-2
-2
-2
-2
-2
-2
-2
-2
-2
-2
-2
-2
-2
-2
-2
-2
-1.9
-1.8
-1.7
-1.6
-1.5
-1.4
-1.3
-1.2
-1.1
-1
-0.9
-0.8
-0.7
-0.6
-0.5
-0.4
-0.3
-0.2
-0.1
-4.44089e-16
0.1
0.2
0.3
0.4
0.5
0.6
0.7
0.8
0.9
1
1.1
1.2
1.3
1.4
1.5
1.6
1.7
1.8
1.9
2
2.1
2.2
2.3
2.4
2.5
2.6
2.7
2.8
2.9
3
3.1
3.2
3.3
3.4
3.5
3.6
3.7
3.8
3.9
4
4.1
4.2
4.3
4.4
4.5
4.6
4.7
4.8
4.9
5
5.1
5.2
5.3
5.4
5.5
5.6
5.7
5.8
5.9
6
6.1
6.2
6.3
6.4
6.5
6.6
6.7
6.8
6.9
7
7.1
7.2
7.3
7.4
7.5
7.6
7.7
7.8
7.9
8
8.1
8.2
8.3
8.4
8.5
8.6
8.7
8.8
8.9
9
9.1
9.2
9.3
9.4
9.5
9.6
9.7
9.8
9.9
10
10
10
10
10
10
10
10
10
10
10
10
10
10
10
10
10
10
10
10
200
190.211
161.803
117.557
61.8034
1.22465e-14
-61.8034
-117.557
-161.803
-190.211
-200
-190.211
-161.803
-117.557
-61.8034
1.22465e-14
61.8034
117.557
161.803
190.211
10.1186
10.1158
11.0208
11.0319
11.3248
11.2812
7.43922
7.21067
7.21286
7.42686
1.8
1.9
1.9
1.8
-2.4502
-2.55487
-2.83708
-2.67804
0.39571
0.167909
0.18411
0.41386
-3.04631
-2.75406
-2.95887
-3.19144
10.7203
10.7575
11.0515
9.71191
9.75349
9.48893
9.59257
0.290093
0.190564
0.173246
4.6
4.7
6.9
6.8
4.6
4.5
-2.10976
-2.10896
3.5
3.4
-1.4
-1.5
4
4.1
4.1
4
1.30227
1.20843
1.22272
1.5
1.6
3.2
3.1
1.2
1.1
-2.12808
-2.11908
-2.10795
-2.10504
-2.22014
-2.22014
6.7
6.6
-0.7
-0.8
-2.10795
-2.10504
7.3096
7.40904
0.8
0.9
0.901226
0.8
5.2
5.2
5.1
5.1
10.378
10.4467
10.2153
10.1082
-1.29416
-1.5343
-1.53207
-1.29358
-2.22346
-2.32355
-2.31997
-2.21819
-2.45383
-2.51758
-2.74065
-2.60592
-0.1
-0.2
-1.70027
-1.80202
10.1122
10.3538
10.5004
10.5009
10.3373
10.1063
10.105
9.80206
9.80056
9.69944
9.69759
45.6148
0.330065
-46.6909
10.1083
10.1063
10.1066
7.6
7.5
10.1119
10.108
2.6
2.5
-2.32586
-2.48264
-2.48724
-2.32534
0.7
1.6
1.5
1.3
10.2201
10.1066
10.1083
10.2201
10.1063
10.2229
2.69142
2.57894
2.8
2.8
-88.2123
-121.44
-2.22642
-2.1066
1.2
1.29876
-2.10629
-2.22014
-2.22014
-2.32455
-2.32979
0.7
0.8
-143.351
-149.42
-143.361
-2.22014
-2.22014
-2.10629
-2.10504
-2.10797
-2.10671
-2.22014
-2.22014
0.4
0.3
0.2
0.6
0.1
8.9
8.8
-7.49478e-16
-2.10797
5.3
10.105
10.1099
4.4
4.2
6.30473
6.2
6.2
6.4
-2.10818
-2.10629
8.5
8.6
8.7
-1.59843
-1.49862
7.40851
7.30991
7.42447
7.7
7.8
8.1
8.2
1.47643
1.40204
-2.10504
-2.10629
-0.0732222
0.164278
-0.0784261
-1.2
-1.3
-0.9
1.4
8.8
8.9
9
9.1
9.2
9.3
5.7
5.6
6.4
6.3
6.2
6.1
-2.10629
-2.10504
-2.10867
0.900306
1
3.9
4
10.1079
10.105
10.1063
3.3
3
2.9
2.8
2.4
2.5
2.4
2.29969
2.2
2.1
2
-1.90595
-2.01419
2.7
10.2201
10.2201
10.105
10.1067
10.1076
7.4
7.3
-2.10592
4.8
4.7
4.9
4.8
4.9
5
10.105
10.1063
10.1086
10.2258
10.2264
10.1079
3
3.1
3.1
3
0.695272
0.6
0.8
0.8
9.91062
10.0288
10.0146
9.90585
9.80154
9.70032
9.4
9.49996
9.59984
7.2
7.1
5.1
5.2
2.1
2.2007
8
7.9
2
1.9
1.9
1.9951
5
5
5.1
115.941
84.2454
3.89969
3.8
3.89877
6.5
-0.10006
-8.86169e-17
-0.4
-0.3
0.391079
0.504904
0.4
3.7
3.8
3.40714
3.49977
3.5
3.4
-1
-1.1
-1.1
-1
-1.69763
-1.5998
-1.59728
-0.5
-0.6
-0.3
-0.4
-121.456
-88.1842
-47.357
0.513267
45.6654
136.868
140.192
84.2821
115.949
136.881
7.6
7.668
7.60197
7.50171
7.71297
7.5
7.4
7.3
7.9
8
8.3
8.2
8.19804
8.29253
8.3
8.4
8.6
8.60419
8.69688
8.7
8.8862
8.9973
8.99933
8.89638
8.8
8.78822
9.79964
7.2
7.1
7
6.9
6.8
6.7
6.6
6.5
6.4
6.3
6.2
6.1
6
5.9
5.8
5.7
5.6
5.5
5.4
5.3
4.9
4.8
4.5
4.4
4.2
4.1
4.1
4.20116
4.3
3.6
3.5
3.4
3.3
3.2
2.9
2.8
2.7
2.9049
3
2.6
2.5
2.4
2.3
2
1.9
1.8
1.7
1.4
1.3
1.2
1.1
0.6
0.600962
0.5
0.4
0.3
0.2
0.1
-0.199406
-0.5
-0.6
-0.790618
-0.888892
-0.928482
-0.712449
-0.7
-0.8
-0.9
-1
-1.1
-1.2
-1.3
-1.39965
-1.69829
-1.80119
-1.91024
7.7
7.8
8.09999
8.2
8.3
8.4
8.5
8.6
8.7
9
9.1
9.2
9.3
9.4
9.5
9.59776
9.79426
9.86833
9.91053
10.0324
7
6.7049
6.8
6.58959
6.6
6.19947
6.29808
6.37264
6.12043
6
5.9
5.9
5.8
5.8
5.7
5.6
5.5
5.4
5
4.5
4.4
4.7
4.3
3.79591
3.7
3.6
3.7
3.5
3.4
3.3
3.2
3.1
3
2.8
2.7
2.29877
2.19609
1.7
1.7
1.4
1.1
1
1
0.5
0.6
0.5
0.4
-0.2
-0.3
-0.8
-0.9
-1.2
-1.3
-1.4
-1.5
-1.80037
-2.16199
-2.09843
-2.16842
-2.26416
-1.91103
10.1063
10.2201
10.2201
10.105
10.1063
10.2201
10.2201
10.2201
10.2191
10.2168
10.2112
10.2203
10.2258
10.105
10.1082
10.1077
10.105
10.1063
10.1079
10.3489
10.3682
10.5433
10.5329
10.1063
10.1082
10.1063
10.105
10.1075
10.1281
-2.22014
-2.22558
-2.10629
-2.10828
-2.10669
-2.10661
-2.33251
-2.32191
-2.10671
-2.10669
-2.10661
-2.10787
-2.10629
-2.10504
-2.22014
-2.22014
-2.31967
-2.32477
-2.10629
-2.10504
-2.31613
-2.32544
-2.47168
-2.10787
-2.10629
-2.10825
-2.11294
-2.11154
-2.1092
-2.03206
10.1098
2.9
-112.189
-109.926
-91.5694
-67.8558
-40.3808
-12.4909
54.4569
45.681
58.8794
70.2454
-59.1993
-58.658
-70.4027
-110.562
-91.2007
-67.7071
-58.658
-59.822
-50.6387
-50.2251
-47.0785
-33.5682
-29.0782
-41.1542
-17.9469
-15.8557
14.5687
37.3282
10.2213
10.2276
10.3365
10.3244
82.6439
94.4531
102.756
2.1
2
108.985
112.55
69.7002
54.4758
94.494
83.0459
109.052
102.772
116.03
112.571
97.8195
94.5417
-1.71776
-1.77275
-1.5385
-1.60221
-2.22662
-2.22014
0.199038
0.2
0.104728
0.7
6.4951
6.39904
6.6
6.6
0.3
-0.314244
-0.217351
0.2
0.1
-5.4825e-16
4.90876
4.90238
4.80694
-0.1
-0.4
-0.5
-0.6
-0.7
1.6
1.7
1.59152
1.69206
1.7
10.2201
-0.998754
-1.1034
-1.10854
-1.49604
-1.4
10.2201
10.2201
10.2324
10.3497
10.3938
10.253
7.50201
7.2
7.67848
7.79135
7.9
7.9
-2.47864
-2.32076
-2.32454
-2.48836
-2.31993
6.39009
6.48878
10.2201
5.5
5.4
5.3024
4.6
4.3
4.2
3.6
-2.38964
-2.25084
-2.22975
-2.34389
-2.22037
-1.30259
-1.39317
-1.31061
-1.79394
-1.8696
-2.01345
-1.97702
-78.3008
-69.266
-95.6111
-93.8832
-59.3848
-47.0548
-1.49173
9.56623
11.4405
-1.23501
-33.692
-17.9679
14.847
31.9279
-0.901665
70.5727
88.4609
76.1865
81.7468
94.3392
88.6987
80.7295
99.5829
84.5826
81.7464
70.7854
58.8267
-78.3395
-84.697
-60.6756
-52.454
-60.3846
-69.0052
-40.3592
-12.3685
37.3282
14.6156
60.4392
50.244
10.2201
10.2201
10.2258
10.2201
10.2201
10.2201
10.2201
10.2259
10.2283
10.2201
10.2201
10.2201
10.2201
10.2201
10.4848
10.4747
10.2245
10.2393
10.3399
10.3479
10.3654
10.3327
10.3424
10.3343
10.3329
10.3402
10.3294
10.3271
10.3249
10.2889
9.69602
9.59674
9.5
9.4
9.3
9.2
9.1
8.5
8.4
9.68511
9.78248
9.90446
8.1
8
7.9
7.8
7.7
7.6
7.5
7.4
7.30248
7.2
7.1
7
6.9
6.8
6.70145
6.6
6.5
6.4
6.3
6.2
6
5.90123
5.9049
6
6.1
5.8
5.69891
5.59559
5.49514
5.4
5.3
5.2
4.9
4.7
4.7
4.8
4.7
4.6
4.5
4.4
4.3
4
3.9
3.8
3.7
3.6
3.30215
3.2
2.8
2.9
2.7
2.6
2.40138
2.3271
2.50014
2.5
2.4
2.3
2.20279
2.1
1.8
1.5
1.4
1.3
1.2
1.10498
1.00429
0.901226
0.8
0.7
0.6
0.5
0.4
0.3
0.1
-4.996e-16
-0.000877837
0.0973913
0.2
-0.10024
-0.197565
-0.3
-0.406421
-0.501171
-0.508349
-0.4
-0.5
-0.6
-0.695989
-0.8
-0.9
-1
-1.1
-1.2
-1.3
-1.59785
-1.70213
-1.80005
-1.90553
5.42396
5.50124
5.59917
5.67487
5.3096
5.40826
6
6.1068
6.1
6.2
6.3
6.4
6.5
6.6
6.7
6.8
6.9
7
7.09884
7.2
7.3
7.4
7.60028
7.69275
7.5
7.6
7.7
7.79784
7.9
8.00121
8.40459
8.49973
8.49943
8.09994
8.19882
8.3
8.40115
8.5
8.6
8.7
8.8
8.9
9
9.1
9.2
9.3
9.4
9.5
9.59522
9.90475
5.2
5.2
4.50473
4.59904
4.6
4.10459
4.19943
4
4
3.50245
3.59433
3.58539
3.11722
3.08343
3.19337
2.89021
2.98388
2.87629
2.6
2.60745
2.70003
2.62194
1.8
1.8
1.90552
2.00267
1.6
1.5
1.6
1.6951
1.4
1.4
1.5049
0.904904
1
1.00218
0.695096
0.8
0.8
0.6
0.599038
0.504728
0.4
4.64906e-16
-0.105958
-1.57776
-1.57901
-1.32345
-1.33144
-0.406848
-0.805571
-0.897515
-1.68497
-1.78734
-1.90846
-2.22014
-2.344
-2.34442
-2.22014
-2.22014
-2.22014
-2.33061
-2.22014
-2.22014
-2.22014
-2.22014
-2.22014
-2.22014
-2.22014
-2.22014
-2.22014
-2.22014
-2.22014
-2.22014
-2.21967
-2.32598
-2.22147
-2.22454
-2.22373
-2.24126
-2.25635
-2.36538
-2.34737
-2.33935
-2.33797
-2.17539
-2.12718
-2.32692
-2.02826
10.1771
10.1284
10.1013
10.1675
10.0262
10.0405
10.1996
8.19527
8.29997
8.3
8.1
-2.32473
-2.33191
-2.48409
-2.51509
-2.33022
-2.32898
-2.47388
-2.31693
-1.30824
-1.40086
-1.49712
-1.59168
8.59479
8.71017
8.7042
8.81183
8.93137
10.335
10.3374
10.5021
10.3365
10.3423
10.3395
10.3318
10.3338
10.3232
10.3333
10.3208
9.49705
9.40072
9.21134
9.30836
-2.3336
9.1
8.39508
8.50564
8.00162
7.90789
7.92119
8.10403
7.0951
6.9994
6.99777
6.6
6.4
6.39149
6.611
6.81454
6.8
6.90941
5.8
5.8
6
6.0951
5.29928
5.20104
5.14401
5.38034
5.48498
5.39187
5.60698
5.58343
4.5
4.5
4.40884
4.5951
4.3145
3.0951
3.2
3.2
3
-0.0925153
-0.190018
5.69166
5.79104
7.0139
7.09537
6.8
-1.20988
-1.1
-0.995096
-13.2026
-26.0535
-21.4033
-11.2881
-92.5952
-84.7765
-80.8274
-75.7768
-25.3251
-36.4582
-67.0206
-71.3512
-58.7479
-92.837
-93.7141
-82.2562
-83.1912
-75.3093
-66.9061
-71.0121
-80.6289
-59.2838
-69.2712
-25.4718
-36.7086
-0.884464
14.8038
-1.47884
60.206
69.2798
80.5616
12.8579
31.1576
26.8733
45.625
39.2057
27.1394
39.4396
97.7636
84.5826
86.0089
50.1817
76.7512
69.5213
10.3318
10.5352
10.7687
10.7541
10.3398
10.4913
10.338
10.3233
10.3161
10.3271
10.3089
10.3516
10.5522
10.5356
10.5063
10.5194
10.4931
10.3254
10.4783
10.498
10.4578
8.19124
7.8138
8.68988
8.70206
8.89918
8.8985
8.44945
8.68944
9.11072
9.32678
9.57788
9.59109
7.2
7.2089
6.81542
6.70579
5.69565
5.08969
4.99241
4.20463
4.1
3.99376
3.89817
3.80607
3.70789
3.59895
3.30861
3.42174
2.5927
2.30972
2.21114
2.1
1.8049
1.49242
1.11565
1.01592
0.996447
0.904904
-0.3
-0.29929
-0.591752
-0.683955
-1.2084
-1.4863
1.09084
1.18657
1.29506
1.6
0.295096
0.4
-0.499102
-0.597959
-0.418574
-0.707036
-0.655118
-0.890724
-1.1
2.00022
2.09195
2.18557
2.2951
2.4
2.50877
2.79878
3.29399
3.40396
3.34812
3.68701
3.78487
3.80675
3.8951
4.19973
4.29479
4.4
4.6951
4.8
4.8
4.9049
5
5.0951
5
5.9
6.00834
6.89116
6.9855
8.0049
8.10096
9.10678
9.20235
9.20615
8.91102
9.00501
9.29679
9.40182
9.49228
10.3307
10.2565
10.2717
10.3571
-2.33509
-2.51922
-2.33249
-3.04099
-3.04637
-3.34693
-3.3453
-2.3339
-2.32452
-2.32888
-2.48741
-2.34003
-2.30804
-2.36036
-2.33118
-2.54145
-2.53334
-2.48867
-1.80134
-2.48175
10.0321
10.184
-2.03276
-2.18096
-2.02437
10.1719
2.41053
-2.50726
-2.34763
4.4
8.91205
9.79944
3.88959
3.6593
1.69663
1.47294
1.47729
1.70163
1.9
2.10927
9.19999
8.93957
1.21321
2.21321
1.60982e-15
-0.190973
-0.0036843
0.2
0.2
-0.00805179
10.0053
10.1544
-2.39588
-2.42112
10.3953
-2.18911
-2.05648
10.5411
42.9927
52.0378
13.1288
7.85115
8.00153
16.1891
15.1435
23.3971
33.6182
59.7089
65.6574
70.4814
72.9279
74.1607
72.9279
70.5459
66.1305
60.1652
28.0094
24.0076
16.0133
18.8017
51.8699
42.9446
22.8035
10.6666
33.0738
-2.04429
-14.9187
-0.911896
-15.4958
-15.6376
-11.9804
-10.3652
-13.1724
-29.1263
-41.1206
-82.3921
-51.9494
-60.5404
-43.8158
-48.8207
-40.6847
-36.9187
-44.4554
-51.4798
-51.4324
-60.7123
-69.0513
-37.5584
-31.6973
10.3525
-2.73358
-2.74933
-3.00797
-3.02638
9.58383
9.33659
9.33176
9.59933
-3.26328
-3.01069
-3.24465
11.0494
11.04
11.3426
11.3338
9.10619
9.09111
10.7656
8.18957
8.44578
0.4
0.409756
7.92829
5.42076
5.65993
5.6316
5.42093
5.9
2
2.2
2.18756
1.99777
6.34151
6.34909
6.57376
6.57099
3.66698
3.43047
3.42805
3.67142
-1.10234
-0.87251
-0.856157
-1.10167
4.2861
0.8
0.798403
0.999593
1.01503
5.14007
4.91369
4.9081
5.14863
-0.407209
-0.41986
-0.206685
-0.203098
10.7674
10.7541
4.1
-2.7622
-2.77103
1.8
1.80868
1.60804
1.6
6.78899
4.1
4.13477
4.32886
4.3
3.91185
3.89528
2.11954
2.13733
2.37126
2.35089
0.611499
0.6
-0.551951
-0.560126
-0.309676
-0.312427
7.0318
7.01178
-70.6002
-2.15236
10.4255
10.3451
5.88753
6.11198
6.1
5.87521
0.598282
0.802057
4.5
4.5142
-0.8
3.31509
3.3
3.07949
3.08955
0.6
0.600147
0.8
0.782083
9.79869
9.98275
10.2027
10.0744
11.7248
11.6489
11.3602
-1.82518
-1.58345
-1.60161
-1.89318
-2.44828
-2.46245
-2.31426
-2.33963
-2.75407
-2.75407
-3.03478
-3.34003
-3.3407
-3.03162
-3.03535
-3.03466
-3.33084
-3.34068
-1.33194
-1.33555
11.0428
11.3464
11.3733
11.0477
11.0222
10.7708
10.7657
11.0375
11.0267
11.0303
11.3298
11.279
10.7508
7.44786
7.4658
7.68467
7.68394
7.22662
7.23348
6.2
6.19039
6
6.00046
4.19447
3.9881
3.99912
4.19964
4.61376
4.6
4.8
4.80679
5.2
5.18983
4.9922
5
7.67454
-2.61096
-2.39872
-2.29486
-2.54241
11.1884
10.7894
10.6689
10.8665
10.7354
-1.83818
9.83828
-9.06368
-7.98568
-0.25801
-0.509118
19.6147
28.6434
38.6436
33.37
38.5537
44.4336
38.4867
33.412
27.1476
31.3923
-2.62199
-14.2978
-13.9769
-2.04015
-11.7568
-26.2668
-36.4063
-44.4225
-51.946
-58.7245
-49.0121
-44.2305
-25.4924
-30.4425
-52.454
-70.508
9.96638
10.546
-2.54534
10.7518
10.77
10.7726
-1.10785
-0.887242
-0.646664
-0.625679
-0.656555
-0.424161
-0.203783
-7.25924e-16
0.2
0.4
0.6
0.8
1
1.2033
1.40083
1.60021
1.8
2.00149
2.4
2.38379
2.2033
2.40698
2.6246
2.86071
2.62103
2.61748
3.10325
3.33906
3.57269
3.79648
4.4
4.6
4.8
5.00159
5.20636
5.42545
5.6608
5.89256
6.12189
6.78925
6.77416
6.36004
6.58572
6.79461
7.00347
7.89364
8.1
8.3
8.50233
8.70989
9.48711
9.57773
9.3313
9.10782
8.90497
8.68876
7.67057
7.43815
7.21336
7
6.79725
6.6
6.4
6.2
6
5.8
5.59748
5.376
5.14294
4.91074
4.70268
4.4998
4.29653
4.09913
3.8908
3.20902
3.21227
3.67076
3.43768
3.21167
3.0014
2.79393
2.5757
2.33996
2.10999
1.91262
1.93385
1.90045
1.6918
1.46719
1.23109
1.00823
0.391069
-0.077419
-0.0724615
-0.305191
-0.800139
-0.799972
-0.535114
-2.76772
-2.76717
-2.76751
-2.76249
-2.76226
-3.0159
-3.28734
-3.29223
-3.01839
-2.75983
-2.75409
-2.74301
-2.71952
10.7535
11.2896
11.0247
10.743
11.021
11.2923
11.3307
11.0261
10.7676
-1.06727
-1.29999
-1.04878
-1.04222
-1.52549
-1.73938
9.72425
-1.99939
10.2971
10.5342
10.5256
10.6748
-2.22415
-2.22023
-2.52819
-2.66987
-2.25068
-2.25634
10.5488
10.5109
10.2738
10.416
3
3.01752
2.8
2.57898
2.58063
2.81498
1.4
1.38876
1.18551
1.2
1
0.971521
-3.06175
-3.27254
-3.0507
-2.89832
-4.35403
-4.74693
-5.28096
-4.9098
49.0408
42.5579
45.6702
52.6447
10.887
-2.88623
-2.11152
9.83093
8.38068
7.26263
-30.4806
-37.5584
20.6155
36.7376
44.6039
51.8607
57.0604
60.9179
62.9693
64.0387
62.9693
54.4891
47.2758
48.067
55.4087
60.85
56.6758
11.1491
51.4964
24.9859
22.3728
27.3064
31.7891
44.7873
36.8846
-59.2219
-42.3742
-50.2347
-36.3576
-3.01142
-3.26668
-42.6299
-42.822
-3.02457
-3.0336
-4.69666
-4.7065
-4.15775
-4.10712
-1.28701
-1.59787
2.86038
4.4
4.4
3.56038
3.78332
7.21319
7.20545
6.99993
7
7.43664
7.66287
7.88973
8.30553
8.30968
8.1
8.1
8.51243
8.71685
8.95793
9.21024
9.49277
9.91317
8.45534
8.19889
7.95849
7.94241
5.8
5.81099
5.6
5.37849
4.7
1.23962
1.24597
-1.80653
11.2852
11.0184
11.0167
10.1163
10.2206
10.4611
10.7547
10.6317
10.6747
10.5982
10.753
10.963
11.225
10.986
10.7149
-2.12017
-2.544
-2.6752
-2.8053
-3.0086
-43.8254
-44.4225
-1.22594
16.8519
5.60973
-3.28349
3.53211
3.77641
3.96996
2
1.50823
1.50204
1.99488
4.19014
7.88356
7.65056
7.44124
9.50036
9.21009
8.96505
8.71939
8.53054
11.2725
11.2682
8.2046
8.47487
10.9819
-21.6575
10.3738
10.4397
8.38521
-2.38946
-2.48299
-2.07804
-4.1101
-4.67945
-4.09383
-3.26163
45.7115
52.7014
54.4891
47.2758
11.3254
44.8135
49.3447
42.7934
38.8398
14.1348
-3.78583
-3.98722
-3.49513
-3.4373
-3.30046
-3.33366
-3.61654
-3.50877
-4.08728
-4.58972
-4.09615
-3.69814
-3.69762
-3.69686
-3.6417
-3.59309
11.3093
37.239
32.5389
29.5128
33.7837
11.6915
12.7012
12.6731
12.1076
12.166
11.6365
11.703
-1.74855
-1.92659
-1.55185
-0.440708
1.47162
1.86663
2.28664
2.73146
3.20396
3.66729
4.08176
3.66441
4.12059
4.70249
4.57313
4.53896
5.01738
5.37184
5.51587
6.00175
6.49701
6.96182
7.38197
7.79401
7.39459
7.78321
8.18503
8.52486
8.902
9.29999
9.5937
9.74727
10.3367
8.83903
9.23222
9.0699
8.45964
8.10682
7.73101
7.29972
6.88835
6.47821
5.72287
5.28342
4.82097
4.41582
4.03301
3.64088
3.26753
2.83272
2.9027
2.46193
1.03847
0.606523
-0.190935
-0.580033
-0.940572
6.86963
-1.04444
-34.0962
-35.7649
-40.6949
-2.97385
-3.15411
-3.3154
10.1852
-17.8059
0.2
0.20058
-0.199598
0.611049
6.1
6.10283
5.74995
0.240702
0.634069
2.7476
3.1741
10.5722
10.7611
-2.92995
-1.19897
-1.59381
-1.5851
-0.983564
11.1672
11.0016
11.4354
-25.2844
-24.0498
-28.6605
-30.062
-36.9211
-31.6973
-25.5217
-17.9694
-9.72057
-35.8765
-36.1773
-30.9953
-26.6995
-21.5321
-15.2641
22.8725
11.1596
18.213
16.0724
11.4687
12.5975
29.1048
25.4544
20.7602
23.7254
6.08796
5.83148
0.956257
0.478225
14.2524
10.28
-3.14015
-3.70233
-3.69306
-4.06108
-4.06272
-0.0933991
-0.4341
-0.785311
-0.414209
9.41978
8.95809
11.6911
11.6976
11.6917
8.83295
-0.800412
-1.16732
5.53928
6
6.49019
6.96484
2.43664
1.03559
3.61753
3.22072
4.01134
4.43686
7.28378
6.88901
4.86361
6.50886
1.06836
8.53503
-0.571284
-0.958201
9.20258
9.55679
9.94275
-3.70381
-3.66147
-3.69334
11.7389
11.6767
11.5579
-4.05143
-2.17969
-2.29017
9.75345
9.922
-3.45021
-2.37346
-2.81653
-2.62635
-1.96489
13.3648
13.2708
14.1243
14.1837
24.7431
22.193
21.468
23.943
10.3266
10.8271
11.5158
0.158473
-0.378062
-0.316099
0.537966
-26.6995
-21.541
-18.3553
-22.4451
-1.33168
-1.71947
12.1495
12.1808
12.1513
12.0402
2.86552
1.03974
1.47422
1.88451
2.27909
11.6644
17.6229
20.3679
18.2076
15.7131
-3.66211
11.2372
10.1087
10.592
10.992
10.6389
-3.16937
-4.07613
-2.37924
-30.9959
-34.2165
-28.8283
-30.1562
-15.3453
-8.11169
-0.481073
6.2685
-9.15243
-13.6937
-11.904
-8.07614
-4.31774
-3.8477
0.278057
0.186109
11.0649
10.2177
-4.62281
34.7726
39.7181
41.1491
35.9551
41.8304
41.1491
39.7513
37.0615
22.4441
23.9416
26.9402
25.2351
33.4733
28.7779
7.71131
5.30034
5.34537
5.37366
4.81748
4.87457
4.00553
3.6
3.13231
2.60974
2.02692
1.01747
1.00222
0.595338
0.601506
0.201526
0.197578
-0.265605
-0.201646
8.08781
8.48482
-0.857517
-0.574295
9.59651
10.0551
0.283325
0.65239
-0.0961709
1.2266
1.88286
2.46049
3.08044
4.1535
4.66493
5.02339
7.44835
7.96419
6.98475
8.18493
-3.69819
-4.23469
-4.54089
-4.11998
9.01771
9.65142
12.1307
12.0869
12.1633
12.1236
-26.1466
-22.1199
-24.243
-4.67506
35.9551
36.5421
16.1111
14.9594
15.1324
13.3686
12.6339
12.618
-1.39201
-1.0095
-1.40681
-1.79789
-3.81644
11.5341
-2.03682
-2.27985
12.0211
11.5933
-4.02103
10.3478
24.9929
29.2139
12.0864
11.638
11.9957
14.752
17.262
21.6754
17.3158
11.1678
11.2996
10.6911
10.6088
12.3219
11.7556
5.94853
5.29952
5.30608
5.93448
-4.5893
-5.01834
-5.30378
-2.64205
-2.96503
8.53679
8.02615
7.45257
6.90926
6.31291
5.8329
32.4109
34.7406
28.5719
25.9146
30.521
31.5621
11.5612
-3.05206
14.7267
19.9523
9.861
12.3412
12.8768
12.5791
25.6682
31.5621
32.0688
30.5209
28.5718
13.1236
12.5063
12.4364
22.4433
20.1347
9.0494
8.47226
8.46374
18.4519
4.83714
4.7607
-18.3417
-22.4451
-26.1466
-30.5384
-2.53949
-3.06108
0.131355
-13.7976
-9.26697
-4.27615
-3.77425
11.4471
-4.09776
-3.42481
-3.56119
-3.20437
11.787
12.6669
-5.38278
-5.40922
-4.2583
-4.64647
11.8965
12.7217
1.49529
-0.21386
-0.174168
-1.09009
-0.97591
5.94366
1.35841
1.49524
0.821236
0.693422
6.51618
6.4989
6.9824
7.49189
4.2467
4.45667
3.61939
3.57921
4.15873
4.66137
3.01551
2.3
9.60751
12.6895
12.6401
-5.38687
-5.4414
-1.02514
-1.01215
-2.08737
-2.50599
-2.61265
10.0925
10.3987
-2.1262
6.59966
2.03004
1.46606
3.62019
3.94775
3.25762
3.15253
2.02694
2.60023
2.59882
0.879011
5.45385
11.1065
9.93622
10.5311
11.5895
11.9748
11.9031
-3.6163
12.4908
11.8069
13.0594
8.95986
20.1081
22.9129
13.4461
13.4918
27.8573
26.9406
22.3842
25.2351
22.8934
19.7796
16.4108
12.9405
9.56758
-3.3542
-8.16208
-6.97066
-19.0237
-15.6162
-19.0175
-21.9032
-6.89634
-3.29064
-25.7631
-25.2739
0.54164
-4.23659
-5.51246
-6.13453
-21.7296
-21.1688
-5.49132
-6.5941
-7.51011
-6.85993
-6.12175
-4.59404
-5.0265
7.33237
3.86075
4.56886
2.99732
6.53695
3.46054
5.33074
5.98051
6.64895
7.98341
7.26903
1.3334
0.580838
4.77499
8.00556
8.5559
9.16074
9.73351
11.032
11.9521
11.4008
27.8573
28.2974
13.2173
13.1905
12.5393
13.2602
-1.72677
-3.04681
-3.13773
-3.92122
-3.35228
11.2593
11.773
11.2818
9.61734
10.1875
12.9025
13.2371
13.3616
-2.66013
-3.29595
-3.67783
-16.0511
-13.1534
-1.7546
-2.83127
-2.06462
-4.6026
-7.02233
-6.97432
-8.13898
-7.92826
-17.588
-21.1763
-20.1487
-16.7812
-11.1038
-13.4321
-16.0558
-7.74152
-6.87816
11.4492
12.4443
12.422
-2.34432
-2.89961
11.0239
11.5177
4.51809
8.15829
18.0417
16.2855
18.3866
20.4463
14.1594
14.8764
14.8629
14.0877
14.4841
15.5279
14.1932
15.0032
8.76547
9.43968
10.3589
11.8806
14.7821
13.2884
10.9187
-10.3125
-8.96428
-5.90612
-2.6973
0.79159
-5.04249
-5.46077
-5.85854
-6.1101
-6.21237
-6.18178
-6.16072
-6.14779
-18.399
-20.1447
-18.3995
13.261
-14.9026
-15.3073
-13.1703
-13.0157
-8.18452
-6.91525
-6.94741
-5.11494
14.0607
-1.87753
-2.73149
-6.00118
-2.9416
-2.6619
-6.14102
-1.05915
-3.38721
5.41026
5.96843
6.5897
7.27168
8.05739
8.89623
6.67911
6.1664
7.52852
8.89952
2.8488
1.70759
4.49793
5.42335
6.466
3.41124
2.24165
0.142749
1.26342
8.93272
8.70241
9.97721
8.01381
7.66369
-2.05949
9.70542
10.4182
25.136
24.7431
21.4618
20.1392
15.839
15.0444
15.0469
16.0027
12.2512
9.68587
9.97295
7.27712
7.19129
8.80124
7.44118
6.0125
4.93564
3.93712
-4.11367
12.0078
11.6668
13.2511
15.7843
16.2098
16.672
13.7852
10.4434
13.2621
7.55809
4.35358
15.6017
-9.02756
-2.55106
-3.99039
-4.71043
-2.92656
0.460138
9.143
15.8033
15.7967
12.2175
12.7188
13.6352
13.1479
-11.0522
-13.4188
-15.38
-16.7755
-17.57
-14.3364
-13.8659
-18.1532
-8.82229
-7.12291
-7.59968
-14.2919
-14.8117
-13.8806
-15.3818
-5.31468
14.0673
-3.64135
-11.1332
-12.7955
-5.57222
-11.1716
-9.97606
-9.65182
-10.311
-12.7801
-5.10773
-5.71927
4.46044
5.44817
3.8637
2.80999
14.3433
0.652085
2.32684
-0.962746
-1.10702
-1.03707
-2.21957
7.04242
8.00746
8.85644
9.77372
10.6527
-0.947062
-1.99386
6.46934
7.63669
-6.34534
13.7926
-3.50354
20.1206
19.3402
-8.96018
-4.73606
11.8235
-2.59843
8.56053
1.23079
0.125377
0.0529567
1.36883
0.536083
-0.557633
-2.38403
-0.556025
1.70483
1.02161
-2.51356
-0.745715
-0.164088
-2.38836
-6.0709
-8.92684
-3.03891
-3.94873
-6.09593
12.5748
14.062
11.094
10.0564
9.7893
10.7059
14.8587
22.193
16.9913
16.8693
18.5513
18.3832
22.5285
19.3374
20.1021
13.0703
18.2392
16.7508
15.0886
13.4154
11.9284
9.94518
6.10554
7.8859
3.42972
4.26642
-5.39393
-7.55682
-11.6539
-9.50078
-10.1038
-5.44552
-7.4627
-9.27799
-10.7141
-12.5303
-11.425
-9.60745
-9.17339
-10.7189
-9.04263
-8.73904
-11.1557
-3.86535
-4.4753
0.556425
-7.43789
-6.30905
13.7969
14.4491
15.3041
15.9336
14.911
12.4359
-3.19043
-9.35062
17.0138
-9.63548
-9.31917
-8.84897
-10.5895
-9.13502
-11.0304
-11.2539
5.01532
2.70856
2.56346
1.09112
1.04785
1.7148
-3.03818
6.1157
7.45838
3.34426
3.95986
2.37997
7.07651
14.0752
12.6874
10.7624
13.0527
12.1675
8.74138
15.3083
16.6925
13.7802
12.9967
-5.59064
-4.57279
13.7467
14.7448
-3.44132
-3.76921
-2.96453
18.1436
16.3182
-1.89226
11.5158
15.0356
20.4033
17.2534
18.6307
17.1061
15.4989
14.6134
8.89222
6.96973
9.17271
5.78827
7.24964
3.49692
1.1139
2.45167
1.66491
3.61631
3.81384
-6.32486
-7.7546
-5.3717
-8.9291
-7.64873
-6.54014
-12.428
-12.9324
-3.05976
-6.55588
-8.00905
-4.75471
4.39812
4.41337
-11.1796
-6.60301
-7.69104
15.629
16.5561
13.8593
13.4171
16.3643
-5.64957
-9.72351
-4.32179
-5.34579
-4.81126
0.504311
2.7055
2.1211
6.01943
4.3802
12.1275
14.4348
13.2718
4.41858
5.47198
5.45282
11.0646
-7.51301
-8.49389
-5.97055
-7.0709
-6.39482
-8.06005
-4.76733
14.8652
16.0197
17.6421
5.60106
