0
0
0
0
0
0
0
0
0
0
0
0
0
0
0
0
0
0
0
0
0
0
0
0
0
0
0
0
0
0
0
0
0
0
0
0
0
0
0
0
0
0
0
0
0
0
0
0
0
0
0
0
0
0
0
0
0
0
0
0
0
0
0
0
0
0
0
0
0
0
0
0
0
0
0
0
0
0
0
0
0
0
0
0
0
0
0
0
0
0
0
0
0
0
0
0
0
0
0
0
0
0
0
0
0
0
0
0
0
0
0
0
0
0
0.1
0.2
0.3
0.4
0.5
0.6
0.7
0.8
0.9
1
1.1
1.2
1.3
1.4
1.5
1.6
1.7
1.8
1.9
2
2
2
2
2
2
2
2
2
2
2
2
2
2
2
2
2
2
2
2
2
2
2
2
2
2
2
2
2
2
2
2
2
2
2
2
2
2
2
2
2
2
2
2
2
2
2
2
2
2
2
2
2
2
2
2
2
2
2
2
2
2
2
2
2
2
2
2
2
2
2
2
2
2
2
2
2
2
2
2
2
2
2
2
2
2
2
2
2
2
2
2
2
2
2
2
2
2
2
2
2
2
2
2
2
2
2
2
2
2
2
2
2
2
2
2
2
2
2
2
2
1.9
1.8
1.7
1.6
1.5
1.4
1.3
1.2
1.1
1
0.9
0.8
0.7
0.6
0.5
0.4
0.3
0.2
0.1
0
-0.1
-0.2
-0.3
-0.4
-0.5
-0.6
-0.7
-0.8
-0.9
-1
-1.1
-1.2
-1.3
-1.4
-1.5
-1.6
-1.7
-1.8
-1.9
-2
-2
-2
-2
-2
-2
-2
-2
-2
-2
-2
-2
-2
-2
-2
-2
-2
-2
-2
-2
-2
-2
-2
-2
-2
-2
-2
-2
-2
-2
-2
-2
-2
-2
-2
-2
-2
-2
-2
-2
-2
-2
-2
-2
-2
-2
-2
-2
-2
-2
-2
-2
-2
-2
-2
-2
-2
-2
-2
-2
-2
-2
-2
-2
-2
-2
-2
-2
-2
-2
-2
-2
-2
-2
-2
-2
-2
-2
-2
-2
-2
-2
-2
-2
-2
-2
-2
-2
-2
-2
-2
-2
-2
-2
-2
-2
-2
-2
-2
-2
-2
-2
-2
-2
-2
-2
-2
-2
-2
-2
-2
-2
-2
-2
-2
-2
-2
-2
-2
-2
-2
-1.9
-1.8
-1.7
-1.6
-1.5
-1.4
-1.3
-1.2
-1.1
-1
-0.9
-0.8
-0.7
-0.6
-0.5
-0.4
-0.3
-0.2
-0.1
-0.0313953
-0.0626666
-0.0936907
-0.124345
-0.154508
-0.184062
-0.21289
-0.240877
-0.267913
-0.293893
-0.318712
-0.342274
-0.364484
-0.385257
-0.404508
-0.422164
-0.438153
-0.452414
-0.464888
-0.475528
-0.484292
-0.491144
-0.496057
-0.499013
-0.5
-0.499013
-0.496057
-0.491144
-0.484292
-0.475528
-0.464888
-0.452414
-0.438153
-0.422164
-0.404508
-0.385257
-0.364484
-0.342274
-0.318712
-0.293893
-0.267913
-0.240877
-0.21289
-0.184062
-0.154508
-0.124345
-0.0936907
-0.0626666
-0.0313953
0
0.0313953
0.0626666
0.0936907
0.124345
0.154508
0.184062
0.21289
0.240877
0.267913
0.293893
0.318712
0.342274
0.364484
0.385257
0.404508
0.422164
0.438153
0.452414
0.464888
0.475528
0.484292
0.491144
0.496057
0.499013
0.5
0.499013
0.496057
0.491144
0.484292
0.475528
0.464888
0.452414
0.438153
0.422164
0.404508
0.385257
0.364484
0.342274
0.318712
0.293893
0.267913
0.240877
0.21289
0.184062
0.154508
0.124345
0.0936907
0.0626666
0.0313953
1.9
-0.0315209
-0.0629174
-0.0945155
-0.0632183
-0.0940656
-0.155127
-0.124843
-0.270272
-0.242998
-0.241841
-0.268986
-0.367693
-0.345287
-0.343643
-0.365943
-0.386798
0.155127
0.184799
0.34524
0.318355
0.324423
0.351821
0.185683
0.214764
0.213742
-0.1
1.5
1.6
1.9
1.9
0.9
0.8
0.6
0.6
0.5
0.5
1.9
1.9
1.9
1.9
1.9
1.9
1.59988
1.49984
1.49984
1.59988
1.9
1.79996
1.79996
1.9
1.9
1.9
1.9
1.9
1.9
1.79996
1.79996
1.9
0.454224
0.466749
0.479715
0.488555
0.48623
0.477431
0.50101
0.502001
0.479715
0.468981
0.466749
0.477431
0.454224
0.386798
0.365943
0.345287
0.321518
0.319987
0.343643
0.0629174
0.0315209
-0.215991
-0.214764
-0.185683
-0.186743
-1.9
-0.319987
-0.343643
-0.367693
-0.388648
-0.386798
-0.365943
-0.477431
-0.466749
-0.468981
-0.479715
-0.488555
-0.48623
-0.503407
-0.500425
-0.498043
-0.50101
-0.641932
-0.653762
-0.694832
-0.682259
-0.495468
-0.493109
-0.479715
-0.468981
-0.466749
-0.477431
-0.456397
-0.454224
-1.9
-1.9
-0.1
-0.1
-1.9
-1.9
-1.9
-1.9
-0.1
-0.1
-1.9
-1.9
0.1
0.1
0.574337
0.621426
0.669352
0.621653
0.756779
0.805253
0.797276
0.749282
0.214764
0.185683
0.184799
0.213742
1.9
1.9
0.500425
0.495468
0.493109
0.498043
-1.9
-1.9
0.345287
0.367693
0.365943
0.343643
-0.361665
-0.384386
-0.421659
-0.396736
0.1
0.1
1.69992
1.59988
1.59988
1.69992
0.493109
0.498043
-0.500159
-0.500159
-0.40012
-0.40012
-0.0659057
-0.0651569
-0.0326429
-0.033018
-0.270272
-0.29648
-0.295069
-0.268986
0.600199
0.600199
0.700239
0.700239
0.600199
0.700239
0.700239
0.600199
1.19972
1.19972
1.09968
1.09968
0.525494
0.560246
0.503709
0.472463
-0.300144
-0.38179
-0.402535
-1.1
-1
0.700239
0.700239
0.800279
0.800279
0.580174
0.594059
0.694656
0.685944
0.500159
0.600199
0.600199
0.500159
-1.1
-1.1
-1
-1
-0.295069
0.423853
0.406127
0.40012
0.40012
0.500159
0.500159
-0.6
-0.7
-0.7
-0.6
-1.79996
-1.69992
-1.69992
-1.79996
1.29976
1.29976
1.3998
1.3998
0.20004
0.20004
0.30008
0.30008
1.79996
1.79996
1.69992
1.69992
1.79996
1.69992
1.69992
1.79996
0.700239
0.800279
0.800279
0.700239
0.0615796
0.122916
0.135261
0.0689163
-0.40807
-0.388648
-0.406127
1.9
1.79996
1.79996
1.9
0.0960298
0.0843879
-0.221679
-0.208576
-0.248472
-0.264081
-1.49984
-1.3998
-1.3998
-1.49984
-1.69992
-1.79996
-1.79996
-1.69992
0.20004
0.30008
0.30008
0.20004
0.700099
0.700239
0.800279
0.798691
-1.3998
-1.3998
-1.49984
-1.49984
-1.19972
-1.19972
-1.29976
-1.29976
-0.184799
-0.213742
-0.579199
-0.578056
-0.595861
-0.597039
1.9
1.79996
1.79996
1.9
1.9
1.9
0.556053
0.587742
0.625389
0.59167
1.59988
1.59988
1.49984
1.49984
0.500159
0.500159
1.59988
1.49984
1.49984
1.59988
0.1
0.1
0.20004
0.20004
-0.462047
-0.440943
-0.469557
-0.49203
1.69992
1.59988
1.59988
0.30008
0.30008
0.40012
0.40012
-0.755654
-0.793415
-0.845887
-0.805628
0.1
0.20004
0.1
0.1
-0.321518
-0.345287
0.0940656
-1.9
-1.9
-1.9
-1.79996
-1.79996
0.196278
0.300079
0.301938
0.184994
1.69992
1.69992
1.59988
1.59988
1.9
1.79996
1.9
0.20004
0.20004
0.30008
0.30008
-1.3
-1.3
-1.2
-1.2
-0.1
-0.2
-0.2
-0.1
0.6
0.6
0.7
0.7
0.40012
0.40012
0.500159
0.500159
0.500159
0.500159
0.600199
0.600199
0.20004
0.30008
0.20004
0.0901049
0.1
-0.568939
-0.561002
-0.578282
-0.586464
-1.00036
-1.09968
-1.09968
-1.00036
0.1
0.1
0.700239
0.800279
0.800279
0.700239
-1.49984
-1.59988
-1.59988
-1.49984
0.442011
0.456397
0.439907
-1.69992
-1.69992
-1.59988
-1.59988
0.500159
0.500159
0.600199
0.600199
-1.29976
-1.29976
-1.3998
-1.3998
0.1
0.600199
0.600199
0.700239
0.700239
0.30008
0.30008
0.40012
0.40012
-0.174388
-0.140343
-0.144041
-0.178982
-0.0940656
-0.124843
0.155869
0.155127
1.9
0.495468
0.500425
-1.2
-1.3
-0.324423
-0.351821
-0.34524
-0.318355
0.434825
0.456554
0.468581
0.44628
-0.6
-0.5
1.9
-1.5
-1.6
0.0945155
0.12544
0.124843
0.0940656
-1.9
-1.9
-0.242998
-0.241841
0.1
-0.439907
-0.454224
0.242998
0.241841
0.51577
0.510661
0.50577
0.51083
-0.51577
-0.510661
-0.51653
-0.521698
0.468981
0.270272
0.242998
0.241841
0.268986
0.0629174
-0.0632183
-0.0945155
-0.0629174
-0.319987
-3.03577e-18
0.0316717
-3.46945e-18
-0.423853
-0.406127
0.124843
-0.12544
0.155869
0.48623
0.29648
0.321518
0.319987
0.295069
-0.509324
-0.503537
-0.510661
-0.51653
-0.498043
-0.50101
0.295069
-0.213742
-0.184799
0.439907
0.423853
-0.493109
-0.0315209
0.268986
0.50101
-0.423853
-0.439907
-0.0404458
-0.0423815
0.475798
0.470392
0.483362
0.488917
0.386798
0.367693
0.406127
-0.502001
-0.155869
-0.155127
0.459004
0.444536
0.442011
0.456397
-0.495468
-0.0316717
0.12544
0.270272
0.0315209
-0.40807
-0.500425
-0.503407
-0.48623
-0.321518
-0.29648
-0.488555
0.0632183
0.0316717
-0.425881
-0.442011
0.40807
0.425881
0.388648
-0.504402
0.29648
0.0945155
0.0632183
-0.155869
-0.0316717
0.504402
0.503407
-0.12544
0.425881
0.503407
-0.214764
0.431233
0.447566
0.451202
0.434736
0.400566
0.39673
0.416555
0.420583
-0.519869
-0.518843
-0.524806
-0.525844
0.27856
0.250449
0.24805
0.275892
-0.425881
0.134695
0.101489
0.0998768
0.132555
0.546602
0.536711
0.524928
0.534602
-0.521698
-0.51577
-0.518843
-0.524806
0.364873
0.38855
0.383324
0.359965
-0.402348
-0.37783
-0.370763
-0.394822
2.25514e-17
8.67362e-19
0.0340084
0.0346567
-2.60209e-18
-4.98733e-18
0.0323302
0.0326429
4.33681e-18
-0.101489
-0.0998768
-0.132555
-0.134695
0.386311
0.359718
0.351821
0.37783
0.364873
0.359965
0.383324
0.38855
-0.359965
-0.335186
-0.339756
-0.364873
0.191111
0.184495
0.148478
0.153802
0.207744
0.240281
0.246611
0.213217
0.223894
0.253327
0.256781
0.226946
0.340444
0.331706
0.369195
0.271869
0.2659
0.295745
0.302384
0.1
0.1
-0.495584
-0.488917
-0.500107
-0.506926
0.524806
0.525844
0.533014
0.531962
0.524806
0.531962
-0.0845958
-0.126476
-0.1207
-0.080732
-0.1
-0.1
-0.476481
-0.494527
-0.48367
-0.46602
-0.444536
-0.459004
-0.456397
0.482455
0.47166
-0.444536
-0.428314
-0.442011
0.388648
0.488555
-0.443985
-0.425417
-0.420583
-0.43894
0.271869
0.240281
0.246611
0.279031
0.199383
0.196215
0.16471
0.167369
-0.287626
-0.279031
-0.246611
-0.254207
-0.199383
-0.23061
-0.226946
-0.196215
0.1
0.1
0.20004
0.20004
0.033018
0.0326429
-0.470392
-0.465887
-0.451202
-0.455565
-0.462132
-0.474875
-0.47166
-0.524074
-0.538525
-0.555113
-0.540217
-0.468581
-0.489033
-0.504097
-0.483015
-0.22135
-0.21923
-0.24805
-0.250449
-0.191377
-0.189544
-0.185683
0.339756
0.335186
0.331377
0.328203
0.302645
0.305571
-0.331706
-0.359718
-0.369195
-0.340444
-0.335186
-0.359965
-0.364873
-0.339756
-0.309083
-0.305571
-0.331377
0.434825
0.456554
0.44653
0.425279
0.410694
0.431217
0.425417
0.40517
-0.410401
-0.390869
-0.369794
-0.347259
-0.323355
-0.298174
-0.271816
-0.244386
-0.156759
-0.126156
-0.0950554
-0.0635795
-0.0318526
-4.22839e-18
0.0318526
0.0950554
0.0635795
0.126156
0.156759
0.186743
0.244386
0.215991
0.271816
0.298174
0.323355
0.347259
0.369794
0.390869
0.40807
0.428314
0.410401
0.462132
0.498298
0.491346
0.503283
0.506282
0.507283
0.506282
0.503283
0.498298
0.491346
0.482455
0.47166
0.459004
0.444536
0.428314
0.410401
0.390869
0.369794
0.347259
0.323355
0.298174
0.271816
0.244386
0.215991
0.186743
0.156759
0.126156
0.0950554
0.0318526
0.0635795
-0.0635795
-0.0318526
-0.0950554
-0.126156
-0.156759
-0.215991
-0.186743
-0.244386
-0.271816
-0.298174
-0.323355
-0.347259
-0.369794
-0.390869
-0.410401
-0.447566
-0.431233
-0.47166
-0.459004
-0.482455
-0.491346
-0.498298
-0.503283
-0.506282
-0.507283
-0.506282
-0.503283
-0.498298
-0.491346
-0.482455
-0.428314
-0.413198
-0.393533
-0.372314
-0.349626
-0.325559
-0.300206
-0.273669
-0.246051
-0.217463
-0.188016
-0.127016
-0.157828
-0.0957033
-0.0640128
-0.0320697
-2.60209e-18
0.0320697
0.0957033
0.0640128
0.127016
0.157828
0.188016
0.217463
0.246051
0.273669
0.300206
0.325559
0.349626
0.372314
0.393533
0.413198
0.465887
0.485744
0.474875
0.501694
0.494695
0.506714
0.509733
0.510741
0.509733
0.506714
0.501694
0.494695
0.485744
0.474875
0.462132
0.447566
0.431233
0.413198
0.393533
0.372314
0.349626
0.325559
0.300206
0.273669
0.246051
0.217463
0.188016
0.157828
0.127016
0.0957033
0.0320697
0.0640128
-0.0640128
-0.0320697
-0.0957033
-0.127016
-0.157828
-0.217463
-0.188016
-0.246051
-0.273669
-0.300206
-0.325559
-0.349626
-0.372314
-0.393533
-0.413198
-0.451202
-0.434736
-0.474875
-0.462132
-0.485744
-0.494695
-0.501694
-0.506714
-0.509733
-0.510741
-0.509733
-0.506714
-0.501694
-0.494695
-0.485744
-0.447566
-0.431233
-0.416555
-0.39673
-0.375339
-0.352467
-0.328203
-0.302645
-0.275892
-0.24805
-0.21923
-0.128048
-0.15911
-0.0964808
-0.0645329
-0.0323302
0.0964808
0.0645329
0.128048
0.15911
0.21923
0.302645
0.328203
0.352467
0.375339
0.455565
0.498714
0.513874
0.51489
0.513874
0.51083
0.50577
0.498714
0.48969
0.478733
0.465887
0.451202
0.434736
0.416555
0.39673
0.375339
0.352467
0.24805
0.275892
0.21923
0.189544
0.15911
0.128048
0.0964808
0.0323302
0.0645329
-0.0645329
-0.0323302
-0.0964808
-0.128048
-0.15911
-0.275892
-0.302645
-0.328203
-0.352467
-0.39673
-0.375339
-0.416555
-0.455565
-0.478733
-0.465887
-0.48969
-0.498714
-0.50577
-0.51083
-0.513874
-0.51489
-0.513874
-0.51083
-0.50577
-0.498714
-0.48969
-0.434736
-0.189544
0.189544
-0.483362
-0.494425
-0.478733
-0.420583
-0.400566
-0.378968
-0.355875
-0.331377
-0.305571
-0.27856
-0.191377
-0.160648
-0.129286
-0.0974138
0.160648
0.129286
0.191377
0.22135
0.331377
0.305571
0.355875
0.378968
0.460801
0.48969
0.494425
0.503537
0.519869
0.518843
0.518843
0.51577
0.510661
0.483362
0.494425
0.470392
0.455565
0.420583
0.43894
0.400566
0.378968
0.355875
0.27856
0.250449
0.22135
0.191377
0.160648
0.129286
0.0974138
0.0651569
-0.0974138
-0.0651569
-0.129286
-0.160648
-0.27856
-0.355875
-0.378968
-0.400566
-0.460801
-0.483362
-0.470392
-0.494425
-0.503537
-0.488917
-0.500107
-0.253327
-0.281761
-0.250449
0.467084
0.450038
0.443985
0.43894
-0.43894
-0.309083
-0.22135
-0.193576
-0.162495
-0.0985333
0.0974138
0.0651569
0.130772
0.0985333
0.335186
0.309083
0.478733
0.528811
0.523573
0.51653
0.521698
0.51653
0.521698
0.488917
0.500107
0.475798
0.281761
0.309083
0.162495
0.193576
0.130772
0.0985333
0.0659057
-0.0985333
-0.0659057
-0.130772
-0.281761
-0.253327
-0.509324
-0.443985
-0.460801
-0.383324
-0.40517
0.0659057
0.033018
0.281761
0.425417
0.40517
0.509324
0.500107
0.460801
0.443985
-0.0326429
-0.193576
-0.162495
-0.223894
-0.383324
-0.495584
-0.506926
-0.425417
-0.313298
-0.256781
-0.223894
-0.130772
0.0668043
0.0334682
0.196215
0.16471
0.162495
0.193576
0.285603
0.313298
0.339756
0.431217
0.410694
0.516268
0.537347
0.532024
0.503537
0.524602
0.532024
0.523573
0.516268
0.450038
0.285603
0.313298
0.223894
0.0998768
0.132555
-0.033018
-0.23061
-0.199383
-0.196215
-0.226946
-0.40517
-0.38855
-0.450038
-0.431217
-0.475798
-0.49007
-0.503583
-0.482285
-0.475798
-0.450038
-0.431217
-0.38855
-0.410694
-0.132555
-0.16471
3.90313e-18
-0.0334682
0.509324
0.253327
0.256781
0.226946
-0.313298
-0.285603
-0.467084
-0.482285
-0.516268
-0.528811
-0.531962
-0.531962
-0.533014
-0.516268
-0.523573
-0.260926
-0.0998768
-0.0668043
-0.0340084
0.0678827
0.438178
0.417323
0.482285
0.495584
0.506926
0.524602
0.540549
0.541618
0.528811
0.506926
0.495584
0.467084
0.235005
0.2659
0.260926
0.23061
0.0668043
-0.0668043
-0.0334682
-0.16471
-0.256781
-0.523573
-0.540549
-0.537347
-0.528811
-0.467084
-0.457303
-0.438178
-0.394822
-0.370763
-0.285603
-0.137262
-0.170559
-0.167369
-0.134695
0.203183
0.170559
0.167369
0.199383
0.290213
0.318355
0.54759
0.542166
0.550853
0.551942
0.482285
0.546602
0.554335
0.542166
0.534602
0.474623
0.49007
0.46602
0.457303
0.438178
0.37783
0.402348
0.394822
0.370763
0.0334682
-0.167369
-0.235005
-0.203183
-0.324423
-0.295745
-0.290213
-0.318355
-0.410694
-0.503583
-0.49007
-0.524602
-0.532024
-0.524602
-0.532024
-0.417323
-0.402348
-0.37783
-0.290213
-0.101489
-0.0678827
-0.103424
-0.0691767
-0.0346567
0.137262
0.103424
0.174388
0.260926
0.23061
0.324423
0.34524
0.370763
0.402348
0.394822
0.457303
0.474623
0.49007
0.499412
0.503583
0.513183
0.515109
0.559881
0.554335
0.540549
0.537347
0.54759
0.515109
0.503583
0.48367
0.417323
0.386311
0.41138
0.290213
0.134695
0.101489
0.0678827
0.0340084
-0.0678827
-0.170559
-0.240281
-0.207744
-0.260926
-0.34524
-0.351821
-0.438178
-0.417323
-0.457303
-0.46602
-0.474623
-0.48367
-0.515109
-0.524928
-0.513183
-0.534602
-0.542166
-0.541618
-0.540549
-0.550853
-0.537347
-0.54759
-0.515109
-0.499412
-0.513183
-0.474623
-0.44653
-0.240281
-0.271869
-0.2659
-0.235005
0.46602
0.44653
0.203183
0.207744
0.103424
0.137262
-0.0340084
-0.103424
-0.0691767
-0.550853
-0.54759
-0.546602
-0.554335
-0.542166
-0.534602
-0.425279
-0.386311
-0.359718
-0.331706
-0.295745
-0.302384
-0.203183
-0.207744
-0.0707295
-0.105745
0.0707295
0.0354347
0.0691767
0.0748289
0.0374884
0.0363682
0.0725928
0.178982
0.235005
0.41138
0.425279
0.476481
0.48367
0.510622
0.524702
0.550853
0.559881
0.524928
0.513183
0.499412
0.494527
0.476481
0.295745
0.170559
0.105745
0.140343
0.0691767
0.0346567
-0.105745
-0.0707295
-0.137262
-0.174388
-0.246611
-0.213217
-0.2659
-0.386311
-0.44653
-0.425279
-0.476481
-0.494527
-0.499412
-0.536711
-0.524702
-0.546602
-0.554335
-0.563218
-0.559881
-0.551942
-0.563218
-0.559881
-0.524928
-0.510622
-0.489033
-0.507556
-0.0374884
-0.0748289
-0.0725928
-0.0363682
0.302384
0.331706
-0.0346567
-0.504097
-0.523189
-0.41138
-0.434825
-0.369195
-0.396489
-0.31035
-0.213217
-0.0354347
3.64292e-17
0.140343
0.31991
0.287626
0.279031
0.31035
0.422218
0.396489
0.489033
0.494527
0.524074
0.538525
0.578056
0.563218
0.564331
0.579199
0.563218
0.568939
0.574631
0.550851
0.561002
0.536711
0.524702
0.510622
0.44628
0.422218
0.359718
0.31035
0.174388
0.108531
0.144041
0.0707295
-0.0363682
-0.0354347
-0.108531
-0.0725928
-0.140343
-0.178982
-0.271869
-0.302384
-0.41138
-0.44628
-0.434825
-0.456554
-0.507556
-0.510622
-0.550851
-0.578282
-0.567818
-0.561002
-0.578056
-0.574631
-0.564331
-0.574631
-0.536711
-0.524702
-0.456554
0.524074
0.507556
0.523189
0.540217
0.0354347
0.0363682
0.0725928
-0.540217
-0.555113
-0.538525
-0.524074
-0.422218
-0.44628
-0.340444
-0.31991
-0.108531
5.37764e-17
0.105745
0.108531
0.144041
0.148478
0.111874
0.504097
0.483015
0.507556
0.550851
0.568939
0.561002
0.574631
0.595861
0.597039
0.578056
0.555113
0.567818
0.538525
0.489033
0.468581
0.396489
0.340444
0.369195
0.219785
0.213217
0.178982
0.111874
-0.144041
-0.287626
-0.279031
-0.31035
-0.31991
-0.396489
-0.422218
-0.460027
-0.523189
-0.586464
-0.568939
-0.550851
-0.468581
-0.522173
-0.54195
-0.408701
-0.380567
-0.394214
-0.423357
0.460027
0.435223
0.460027
0.435223
0.380567
0.408701
0.31991
0.287626
0.29794
0.331381
-0.543864
-0.564463
-0.435223
-0.460027
-0.350931
-0.184495
-0.219785
-0.153802
-0.148478
-0.111874
-0.115886
6.93889e-17
8.316e-17
-0.0388327
0.184495
0.219785
0.254207
0.363515
0.350931
0.380567
0.394214
0.408701
0.476522
0.450829
0.523189
0.540217
0.555113
0.567818
0.588179
0.578282
0.599018
0.586464
0.592331
0.617228
0.618448
0.595861
0.592331
0.586464
0.578282
0.504097
0.483015
0.476522
0.450829
0.350931
0.363515
0.394214
0.254207
0.227666
-0.111874
-0.148478
-0.184495
-0.219785
-0.254207
-0.394214
-0.363515
-0.350931
-0.380567
-0.408701
-0.435223
-0.623902
-0.612612
-0.588179
-0.599018
-0.595861
-0.567818
-0.588179
-0.599018
-0.575018
-0.483015
0.639059
0.613571
0.617228
0.642867
0.54195
0.522173
0.588179
0.575018
0.598905
0.612612
0.0775121
0.0388327
0.0404458
0.080732
0.0374884
0.0748289
-0.0374884
-0.0748289
-0.29794
-0.331381
-0.476522
-0.500335
-0.592331
-0.592331
-0.617228
-0.613571
-0.521119
-0.500335
-0.476522
-0.496317
-0.450829
-0.410589
-0.440943
-0.363515
-0.331381
-0.29794
-0.310316
-0.263322
-0.274261
-0.227666
-0.191111
-0.160191
-0.0775121
9.82032e-17
-0.0404458
0.0388327
0.0775121
0.153802
0.115886
0.191111
0.227666
0.263322
0.274261
0.237123
0.29794
0.331381
0.410589
0.378615
0.423357
0.496317
0.469557
0.500335
0.522173
0.564463
0.54195
0.559588
0.582834
0.575018
0.612612
0.623902
0.607494
0.613571
0.639059
0.642867
0.607494
0.599018
0.559588
0.564463
0.543864
0.500335
0.469557
0.496317
0.423357
0.378615
0.410589
0.310316
0.345147
0.263322
0.115886
-0.0775121
-0.0388327
-0.115886
-0.1207
-0.080732
-0.191111
-0.227666
-0.263322
-0.310316
-0.345147
-0.423357
-0.410589
-0.450829
-0.522173
-0.54195
-0.559588
-0.575018
-0.598905
-0.582834
-0.607494
-0.613571
-0.639059
-0.632729
-0.617228
-0.618448
-0.642867
-0.639059
-0.607494
-0.559588
0.1207
0.160191
0.237123
0.19905
0.208576
0.248472
-0.153802
-0.469557
-0.378615
-0.345147
-0.325168
-0.287387
-0.237123
-0.19905
-0.167858
0.0404458
0.080732
0.1207
0.160191
0.19905
0.248472
0.287387
0.310316
0.345147
0.43024
0.396736
0.440943
0.521119
0.543864
0.598905
0.641932
0.653762
0.632729
0.644138
0.669645
0.673635
0.632729
0.623902
0.627569
0.641932
0.582834
0.591478
0.569894
0.521119
0.440943
0.396736
0.43024
0.274261
0.126476
0.0845958
-0.160191
-0.19905
-0.167858
-0.237123
-0.274261
-0.325168
-0.361665
-0.378615
-0.43024
-0.496317
-0.521119
-0.543864
-0.564463
-0.627569
-0.610729
-0.669645
-0.663012
-0.642867
-0.644138
-0.673635
-0.669645
-0.632729
-0.623902
-0.612612
-0.627569
-0.598905
-0.582834
-0.610729
0.0845958
0.0423815
-0.49203
-0.520071
-0.43024
-0.462047
-0.305441
-0.345595
-0.248472
-0.208576
1.22298e-16
-0.0423815
0.167858
0.126476
0.208576
0.361665
0.462047
0.491073
0.457269
0.54606
0.520071
0.569894
0.610729
0.627569
0.663012
0.669645
0.673635
0.674967
0.663012
0.653762
0.610729
0.49203
0.520071
0.462047
0.325168
0.361665
0.287387
0.167858
0.0423815
-0.126476
-0.0845958
-0.287387
-0.396736
-0.520071
-0.54606
-0.569894
-0.591478
-0.673635
-0.674967
-0.756779
-0.805253
-0.810051
-0.761288
-0.663012
-0.653762
-0.641932
-0.54606
-0.491073
-0.52294
-0.0899103
-0.045044
0.325168
0.391017
0.367479
0.408725
0.434905
0.49203
0.52294
0.711713
0.704663
0.54606
0.580364
0.605695
-0.72546
-0.709227
-0.754656
-0.771928
-0.591478
-0.264081
-0.134422
-0.178403
-0.0478962
-3.69496e-16
-6.5257e-16
-0.0509641
-8.67362e-17
0.045044
0.0899103
0.178403
0.134422
0.221679
0.264081
0.345595
0.305441
0.448359
0.477078
0.552743
0.580364
0.591478
0.694832
0.71737
0.715954
0.711713
0.709227
0.754656
0.771928
0.72546
0.628636
0.52294
0.491073
0.555615
0.59167
0.556053
0.522168
0.421659
0.457269
0.345595
0.305441
0.221679
0.178403
0.134422
-0.421659
-0.384386
-0.52294
-0.491073
-0.605695
-0.580364
-0.711713
-0.715954
-0.715954
-0.71737
-0.694832
-0.704663
-0.682259
-0.666993
-0.569894
-0.649095
-0.628636
-0.605695
-0.580364
-0.367479
-0.391017
-0.434905
-0.408725
0.682259
0.666993
0.694832
0.682259
-0.178403
-0.1343
-0.305441
-0.345595
-0.685301
-0.644048
-0.668441
-0.711257
0.4
-0.1
-0.1
0.1
0.1
-0.1
1.9
1.9
0.3
0.2
0.1
0.1
0.1
0.7
1.5
1.4
-0.1
-0.1
1.9
1.9
1.9
-0.6
-0.7
-0.5
-1.9
-1.9
-1.9
1.9
1.9
1.9
1.9
1.9
1.9
0.1
0.1
-0.1
-0.1
0.1
-0.1
-0.1
1.9
1.79996
1.79996
1.9
1.9
1.9
-0.8
-0.9
-0.324782
-0.280803
-0.298789
-0.345585
1.9
0.1
0.20004
0.20004
0.1
-0.1
-0.1
-0.1
-0.1
-0.1
-0.1
-1.4
-1.3
-1.2
-1.2
-1.3
1.9
0.1
1.9
-1
-1.1
1.9
0.1
0.1
-0.1
0.1
0.1
0.20004
0.20004
-0.1
-0.1
-1.9
-1.9
-0.1
-0.1
-0.1
-0.1
1.9
1.9
1.79996
1.79996
-1.9
-1.79996
-1.79996
-1.9
1.9
1.79996
1.79996
1.9
-1.9
-1.9
1.9
1.9
-0.8
-0.7
0.1
-0.1
-0.1
0.1
0.1
0.1
1.9
-0.1
-0.1
0.1
1.4
0.7
0.8
-1.9
-1.9
-1.9
-1.9
1.9
1.9
1.9
0.1
0.1
-0.1
-0.1
-0.1
0.1
-0.1
-0.1
0.1
0.1
-0.1
-0.1
-0.1
-0.1
1.9
1.9
0.192048
0.235716
1.9
1.9
1.9
1.9
1.9
1.9
1.9
-0.1
-0.1
0.1
0.1
-0.1
1.9
1.9
1.79996
1.79996
1.9
0.1
-0.1
1.9
1.9
1.9
1.9
-0.0951945
-0.0907833
0.10002
-0.0783027
-0.0592537
0.5
0.6
0.9
1
-1.9
-1.9
-1.79996
-1.79996
-1.9
-1.9
-0.0583064
-0.0756937
-1.9
-1.9
1.9
1.9
-1.9
-1.9
-1.9
0.0450877
0.0891338
0.0507407
0.0992724
-0.0703233
-0.0843879
0.0586027
-0.0451378
-0.0488356
-0.0893831
-1.9
1.9
1.79996
1.79996
1.69992
1.69992
-0.1
-1.9
-1.9
-1.9
1.9
1.9
-0.1
-0.1
-0.1
-0.1
0.1
0.20004
1.6
1.6
1.5
0.20004
0.1
0.1
0.20004
-0.4
1.9
1.9
-1.9
-1.9
-1.9
-1.9
1.9
1.8
1.9
1.79996
1.9
1.9
1.9
1.9
-1.79996
-1.79996
-1.9
-1.9
-1.9
-1.9
-1.9
1.9
1.9
1.9
1.9
-0.1
-0.1
-0.1
-0.1
-0.1
0.1
0.1
0.20004
0.20004
0.1
0.20004
0.2
0.3
-0.1
-0.1
-0.1
-0.1
-0.1
0.1
0.1
-0.2
-0.1
-0.4
1.3
1.2
1.1
1
-0.3
-5.63785e-18
0.1
1.9
0.1
0.20004
0.20004
0.1
0.1
0.20004
0.20004
0.1
-0.1
-0.1
-0.0901719
0.0754258
-1.9
-1.79996
-1.9
-1.9
-1.79996
0.128212
0.0581097
0.144231
0.1
0.1
0.20004
0.20004
0.1
0.20004
-1.9
-1.79996
-1.4
1.9
-1.79996
-1.79996
-1.9
1.9
1.9
1.9
1.9
-0.704663
-0.617113
-0.656641
-0.625389
-0.587742
-0.628636
-0.649095
-0.457269
-0.318447
-0.369409
-0.380403
-0.142933
-0.152089
-0.20185
-0.189699
-0.235716
-0.221679
-0.552743
-0.457269
-0.617113
-0.656641
-0.685301
-0.644048
-0.552743
0.264081
0.384386
0.486223
0.517367
0.552743
0.786153
0.738829
0.715954
0.384386
0.421659
-0.235716
-0.280803
-0.298789
-0.249482
0.587742
0.625389
0.656641
0.617113
0.666993
0.649095
-0.762793
-0.811653
-0.711713
0.690196
0.668441
0.711257
0.734406
0.704663
-0.666993
-0.690196
-0.734406
-0.324782
-0.367479
-0.391017
-0.345585
0.756779
0.749282
0.797276
0.805253
0.605695
0.628636
0.649095
0.644048
0.668441
0.711257
0.685301
1.7
-1.8
-1.9
-1.8
-1.9
-0.1
-1.9
-1.8
-1.8
0.20004
-1.7
-1.7
-1.9
-1.9
-0.2
-0.3
-1.9
-1.9
0.0703233
-1.9
-1.7
0.0906499
0.0777867
-0.1
-0.1
0.0586646
-0.7
-0.8
0.1
-0.1
0.20004
-1.4
0.20004
0.20004
0.20004
-0.1
-0.1
-0.1
-0.1
-1.9
-1.9
-1.79996
-1.9
-1.9
-1.79996
-1.79996
-0.9
1.9
1.8
1.8
1.7
1.9
1.9
1.9
1.79996
1.79996
1.79996
1.9
1.9
1.9
1.9
0.1
1.79996
0.20004
0.20004
0.1
0.20004
0.20004
0.1
0.20004
-1.9
-1.9
-1.9
-1.9
-1.9
-1.9
-1.9
-1.9
-1.9
-1.9
-1.9
-1.9
-1.9
-1.9
-1.9
-1.9
-1.9
-1.9
-1.9
-1.9
-1.9
-1.9
-1.9
1.79996
-1.9
-1.9
-1.9
-1.9
-1.9
-1.9
-1.9
-1.9
-1.9
-1.9
-1.6
-1.6
-1.5
-1.1
-1
-0.9
-0.9
0.4
0.3
0.4
1.1
1.2
1.3
0.1
0.1
0.1
0.1
0.1
0.1
0.1
0.1
0.1
0.1
0.20004
0.20004
0.1
0.1
1.9
1.9
1.9
-0.0619367
-0.0934994
-0.0960298
-0.128969
-0.1
-0.1
-0.1
-0.1
-0.20004
-0.20004
-1.9
-1.9
-1.9
-1.9
-1.9
-1.9
-1.9
-1.9
-1.9
-1.9
-1.9
-1.9
-1.9
-1.9
-1.9
-1.9
-1.9
-1.9
1.79996
1.9
1.79996
1.79996
1.9
1.9
-0.1
-0.1
-0.1
-0.1
0.1
0.1
0.1
0.1
0.1
0.1
-0.20004
-0.20004
-0.20004
-0.20004
-0.20004
-0.20004
-0.20004
-0.20004
-0.1
-0.1
-0.1
-0.1
1.9
1.79996
1.79996
1.79996
1.79996
1.9
1.9
1.79996
1.79996
1.9
1.79996
1.79996
1.9
1.9
1.9
1.9
0.324782
0.345585
0.391017
0.367479
-0.761288
-0.810051
-0.805253
-0.756779
0.709227
0.72546
0.771928
0.754656
-0.72546
-0.738829
-0.786153
-0.771928
0.20004
0.30008
0.30008
0.20004
-0.556053
-0.59167
-0.555615
-0.522168
-0.486223
-0.517367
-0.477078
-0.448359
0.20004
0.20004
1.79996
1.79996
0.20004
0.20004
0.20004
0.20004
0.20004
0.145213
0.644048
0.685301
0.20004
0.20004
-0.749282
-0.738829
-0.786153
-0.797276
-0.690196
-0.734406
0.20004
0.20004
0.20004
0.20004
0.30008
0.30008
0.30008
0.761288
0.810051
0.324782
0.345585
0.298789
0.280803
0.235716
0.250815
0.20185
0.189699
0.20004
1.7
-1.79996
-1.79996
-0.2
1.4
-1.79996
-1.79996
1.79996
1.79996
1.79996
1.79996
-0.3
-0.4
-1.79996
-1.79996
-1.79996
-1.79996
1.69992
1.69992
1.79996
0.254651
0.298789
0.280803
0.168322
0.249694
0.213988
0.14264
0.189952
-0.4
-0.4
-0.5
-0.5
1.79996
-1.79996
1.79996
1.79996
0.184793
0.284628
0.295043
0.195154
-0.5
-0.6
-0.6
0.20004
0.30008
0.30008
0.20004
0.20004
0.20004
-1.79996
-1.79996
-0.195225
-0.273762
-0.214265
-0.128588
-0.142985
-0.188565
-1.79996
-0.189644
-0.193965
-0.18481
1.3
1.1
1.1
1.2
1.2
0.20004
0.20004
1
0.9
1.79996
1.79996
-1.3
-1.4
-0.30008
-0.30008
-0.20004
-0.20004
0.8
0.7
-1.69992
-1.69992
-1.79996
0.20004
1.79996
1.79996
-1.79996
-1.79996
-1.69992
-1.69992
-1.79996
-1.79996
1.79996
1.79996
1.79996
-1.79996
-1.79996
1.79996
1.79996
1.79996
1.79996
1.79996
1.79996
1.79996
1.79996
1.79996
1.79996
-1.59988
-1.69992
-1.69992
-1.59988
-1.79996
1.79996
1.79996
1.79996
1.79996
1.79996
1.69992
1.69992
-0.20004
-0.20004
-0.30008
-0.30008
1.69992
0.20004
0.20004
0.4
0.30008
0.30008
1.79996
1.79996
1.79996
1.79996
1.69992
1.69992
1.79996
-1.69992
-1.79996
-1.79996
-1.69992
-1.79996
-1.79996
-0.30008
-0.30008
-0.20004
-0.20004
1.79996
1.79996
1.69992
1.69992
-1.79996
-1.79996
-1.79996
-1.79996
1.79996
1.79996
1.79996
-1.79996
-1.79996
-1.79996
-1.79996
1.79996
1.79996
-0.30008
-0.30008
-0.20004
-0.20004
1.79996
-1.79996
-1.79996
1.79996
1.79996
-1.5
-0.8
-0.30008
-0.30008
-0.20004
-0.20004
-0.1
-0.2
-0.2
-0.1
1
0.9
0.9
1
1.4
1.5
-0.20004
-0.20004
0.113907
0.3
-1.79996
-1.7
-1.7
0.20004
0.30008
1.69992
-1.79996
-1.6
-1.5
1.4
1.3
-1.2
-1.1
-1.79996
-1.79996
-1
-0.20004
-0.20004
-0.3
-1.79996
-1.79996
-1.69992
-1.69992
-1.79996
-1.79996
-1.79996
-0.143821
-1.79996
-1.79996
-1.79996
-1.7
-1.2
-1.1
-1.79996
-1.79996
-1.79996
-1.79996
1.79996
1.7
1.7
1.6
1.3
1.2
1.1
0.8
0.7
0.6
0.5
0.2
0.1
-3.9955e-17
-0.1
-0.2
-0.3
-0.4
-0.5
-1.79996
1.79996
-1.79996
-1.79996
1.69992
1.69992
1.79996
1.79996
1.79996
1.79996
1.79996
-1.79996
-1.79996
-1.79996
-1.79996
-1.79996
-1.79996
-1.79996
-1.79996
-1.79996
-1.79996
-1.79996
-1.79996
-1.79996
-1.79996
-1.79996
1.79996
1.79996
1.79996
1.79996
1.79996
1
1.79996
1.79996
1.79996
1.79996
1.79996
1.79996
1.79996
1.79996
1.79996
1.79996
1.79996
1.79996
1.79996
1.79996
1.69992
1.69992
1.69992
1.69992
1.69992
1.69992
1.69992
-1.79996
-1.79996
-1.79996
-1.79996
-1.79996
-1.79996
-1.79996
-1.79996
-1.79996
-1.79996
-1.79996
1.69992
1.69992
1.69992
1.79996
1.79996
1.79996
1.69992
1.69992
1.69992
1.69992
1.69992
-1.79996
-1.79996
-1.79996
-1.79996
-1.79996
-1.79996
-1.79996
-1.79996
-1.79996
-1.79996
-1.79996
-1.79996
-1.79996
-1.79996
-1.79996
-1.79996
0.30008
0.30008
0.20004
0.30008
0.30008
0.30008
0.30008
0.30008
0.30008
0.30008
0.20004
0.20004
0.30008
0.30008
0.30008
0.30008
0.20004
0.30008
0.30008
0.20004
0.20004
0.20004
0.30008
0.30008
0.30008
0.30008
0.20004
0.20004
0.20004
0.30008
0.30008
0.20004
0.30008
0.20004
0.30008
0.20004
-0.20004
-0.20004
-0.20004
-0.20004
-0.20004
-0.20004
-0.20004
-0.20004
-0.20004
-0.20004
-0.20004
-0.20004
-0.20004
-0.20004
-0.20004
-0.20004
-0.20004
-0.20004
-0.20004
-0.20004
-0.20004
-0.20004
-0.20004
-0.20004
-0.20004
-0.20004
-0.20004
-0.20004
-0.20004
-0.20004
-0.20004
-0.20004
-0.20004
-0.20004
-0.20004
-0.20004
-0.20004
-0.20004
-0.20004
-0.20004
-0.20004
-0.20004
-0.20004
-0.20004
-0.20004
-0.20004
-0.20004
-0.20004
-0.20004
-0.20004
-0.20004
-0.20004
-0.30008
-0.30008
-0.20004
-0.20004
-0.20004
-0.20004
-0.195797
-0.18394
-0.168439
-0.24982
-0.408725
-0.709227
-0.749282
-0.668441
-0.587742
-0.556053
-0.522168
-0.486223
-0.448359
-0.0956034
0.0478962
0.0956034
0.142933
0.486223
0.522168
0.617113
0.690196
0.761288
0.762793
0.738829
0.408725
0.434905
0.477078
0.448359
0.161916
0.211846
-0.295302
-0.28523
-0.160271
-0.249001
-0.213747
0.159878
-0.145356
0.656641
0.30008
0.30008
0.40012
0.30008
0.30008
0.30008
0.30008
0.30008
-0.298156
-0.30008
-1.5
-1.4
-1.4
-1.5
-1.69992
-1.69992
-0.275253
0.30008
0.30008
0.300304
0.30008
0.40012
0.40012
-0.9
-0.8
-0.8
-0.9
-0.7
-0.7
-1.69992
-1.69992
0.30008
0.30008
0.30008
0.40012
0.40012
0.30008
-1.5
-1.4
-1.3
-1
-0.9
-0.8
-0.7
-0.8
-0.6
-0.5
-0.5
0.40012
0.30008
-1.69992
-1.69992
-1.69992
-1.69992
0.30008
0.30008
1.4
1.4
1.3
1.3
0.30008
0.30008
0.30008
0.30008
0.5
0.2
0.3
0.1
-2.77556e-17
-2.44955e-17
0.1
0.30008
-0.4
-0.4
-1.69992
-1.69992
-1.59988
-1.59988
-1.59988
-1.69992
-1.69992
-1.69992
1.69992
1.69992
1.69992
1.69992
0.30008
0.30008
0.40012
0.30008
0.40012
0.30008
-1.69992
-1.69992
-1.69992
-1.69992
-1.69992
-1.59988
-1.59988
0.30008
0.30008
0.215522
0.278564
-1.69992
-1.69992
-1.59988
-1.69992
-1.69992
-1.59988
-0.30008
-0.30008
1.69992
1.69992
1.69992
1.69992
0.9
1
0.9
1.69992
1.69992
-0.59167
-0.625389
1.69992
1.69992
1.69992
1.49984
1.49984
1.59988
1.59988
1.49984
1.59988
1.69992
1.69992
1.59988
1.59988
1.49984
1.49984
1.69992
1.69992
1.69992
1.69992
1.69992
1.59988
1.59988
1.69992
1.69992
1.69992
-0.477078
-0.517367
1.69992
1.69992
1.69992
1.69992
-1.69992
-1.69992
-1.69992
-1.69992
-0.30008
-0.30008
-1.69992
1.69992
1.69992
1.69992
1.69992
-0.30008
-0.30008
-0.40012
-0.40012
-0.30008
-0.30008
1.59988
1.59988
1.49984
1.49984
1.69992
1.69992
0.101727
0.0509641
1.69992
1.59988
1.69992
1.69992
1.69992
1.69992
1.69992
1.69992
1.69992
1.69992
1.69992
1.69992
-0.30008
-0.30008
1.69992
1.69992
1.69992
1.69992
-1.69992
-1.69992
-1.69992
-1.69992
-1.69992
0.555615
0.517367
-0.30008
-0.30008
-0.30008
-0.30008
0.30008
0.30008
0.40012
0.40012
0.30008
0.40012
0.500159
0.30008
0.30008
0.4
0.5
1.6
1.69992
1.59988
-1.69992
-1.69992
-1.6
-1.6
-0.30008
-0.30008
1.6
1.6
-1.6
-1.6
-1.5
1.69992
1.69992
1.5
1.5
0.6
-0.30008
0.7
0.8
-0.6
-1.3
-1.2
-1.1
-1
-1.4
1.2
1.1
-1.69992
-1.69992
-1.69992
-1.69992
0.8
-1.69992
-1.69992
-1.69992
-1.69992
-1.69992
-1.69992
-1.69992
-1.69992
-1.69992
-1.69992
-1.69992
-1.69992
-1.69992
-1.69992
-1.69992
0.4
-0.3
-1.59988
-0.9
-1.69992
-1.69992
-1.59988
-1.59988
-1.69992
-1.69992
-1.69992
1.69992
1.59988
1.59988
1.59988
1.59988
-0.30008
-0.30008
-0.30008
-0.30008
1.2
1.1
1.69992
1.69992
1.69992
1.69992
1.69992
1.69992
-1.69992
-1.69992
-1.69992
-1.69992
-1.69992
-1.69992
-1.69992
-1.69992
-1.69992
-1.69992
-1.59988
-1.59988
-1.69992
-1.69992
-1.69992
-1.69992
-1.69992
-1.69992
-1.69992
-1.69992
-1.69992
-1.69992
-1.69992
-1.69992
-1.69992
-1.69992
1.69992
1.69992
1.69992
1.69992
1.69992
1.69992
1.69992
1.69992
1.69992
1.69992
-0.30008
-0.30008
-0.30008
-0.30008
-0.30008
-0.30008
-0.30008
-0.30008
-0.30008
-0.30008
-0.30008
-0.30008
-0.30008
-0.30008
-0.30008
-0.30008
1.69992
1.69992
-1.59988
-1.59988
-1.59988
-1.59988
-1.59988
-1.59988
1.59988
1.59988
1.59988
1.59988
1.59988
1.59988
1.59988
1.59988
1.59988
1.69992
1.59988
1.59988
1.59988
1.59988
1.59988
1.59988
1.59988
1.59988
1.69992
1.59988
1.69992
1.59988
1.59988
1.59988
1.59988
1.59988
1.59988
1.59988
1.59988
1.59988
1.49984
1.49984
1.59988
1.59988
1.59988
-0.30008
-0.30008
-0.30008
-0.30008
-0.30008
-0.30008
-0.30008
-0.30008
-0.30008
-0.30008
-0.30008
-0.30008
-0.30008
-0.30008
-0.30008
-0.30008
-0.30008
-0.30008
-0.30008
-0.30008
-0.30008
-0.30008
-0.30008
-0.500159
-0.40012
-0.40012
-0.500159
-0.30008
-0.30008
-0.30008
-0.30008
-0.30008
-0.30008
1.59988
1.59988
1.69992
1.69992
1.69992
-1.69992
-1.69992
-1.69992
-1.69992
-1.69992
-1.69992
-1.69992
-1.69992
-1.69992
-1.69992
-1.69992
-1.69992
-1.69992
-1.69992
-1.69992
-1.59988
0.8
0.40012
0.40012
0.40012
0.40012
0.40012
0.40012
0.40012
0.40012
0.40012
0.40012
0.40012
0.40012
0.40012
0.40012
0.30008
0.40012
0.40012
0.40012
0.40012
0.30008
0.40012
0.40012
0.40012
0.40012
0.30008
0.40012
0.40012
0.40012
0.40012
0.40012
0.40012
0.40012
0.40012
0.40012
0.397834
0.2754
0.318698
0.540964
0.586649
0.55083
0.507935
0.591552
0.837002
0.821856
0.875298
0.891429
0.786153
0.811653
0.862445
0.86415
0.810051
0.963344
1.02254
1.00685
0.949904
0.887378
0.942835
0.916243
0.859407
0.734406
0.755654
0.714911
0.670901
0.709136
0.76219
0.715744
0.671346
0.507935
0.463035
0.152089
-0.101727
-0.250815
-0.214905
-0.267037
-0.472463
-0.503709
-0.560246
-0.525494
-0.555615
-0.711257
-0.932716
-0.989032
-1.00645
-0.949904
-0.797276
-0.754656
-0.434905
-0.301329
0.253098
-0.352773
0.352366
0.391234
0.495056
0.482431
0.384148
0.383077
0.452259
0.469077
0.469744
-0.500159
-0.500159
-0.40012
-0.40012
-0.385993
1.5
1.4
1.3
1.3
1.2
0.9
0.8
-0.40012
-0.40012
-0.40012
-0.40012
1.2
0.9
1
0.8
-0.40012
-0.40012
-0.500159
-0.500159
-0.40012
0.38179
0.357801
0.416308
0.463035
0.369186
-1.59988
-1.59988
-1.59988
-1.59988
-1.49984
-1.49984
0.3
0.4
0.2
-0.3
-1.49984
-1.49984
-1.59988
-1.59988
0.404956
-1.49984
-1.49984
-1.59988
-1.59988
1.59988
-0.837002
-0.821856
1.59988
-0.600199
-0.500159
-0.500159
-0.600199
1.59988
1.59988
1.49984
1.49984
0.6
0.6
0.7
0.7
0.40012
0.40012
0.500159
0.500159
-1.59988
-1.59988
0.40012
0.40012
0.40012
-1.59988
-1.59988
-1.49984
-1.59988
-1.49984
0.500159
0.40012
0.40012
-1.59988
1.59988
1.59988
0.40012
-0.911846
-0.855713
-0.875298
-0.932716
-0.500159
-0.500159
-0.40012
-0.40012
0.40012
0.40012
-0.449818
-0.472496
0.40012
0.40012
0.40012
-0.183768
-0.122916
-0.134288
-0.197061
0.40012
1.59988
1.59988
0.40012
0.40012
0.40012
1.59988
1.59988
1.59988
1.59988
1.59988
1.59988
1.49984
1.49984
0.40012
0.500159
0.40012
0.500159
0.40012
0.40012
1.59988
1.49984
1.49984
0.40012
0.500159
0.500159
1.59988
1.59988
1.59988
1.59988
1.49984
1.49984
1.59988
0.500159
1.59988
1.59988
1.59988
0.40012
-0.40012
-0.40012
-0.316396
0.31428
0.5
-1.5
-0.40012
1.5
1.5
-1.59988
-1.59988
1.4
1.3998
1.3
-0.5
-1.5
-0.40012
1.59988
1.59988
1.49984
0.40012
0.500159
0.40012
0.500159
-1.59988
-1.59988
-1.59988
-1.59988
-1.59988
-1.59988
-1.59988
-1.59988
-1.59988
1.59988
1.59988
1.59988
1.59988
1.59988
1.59988
1.59988
1.59988
1.59988
1.59988
1.59988
1.59988
1.59988
1.59988
1.59988
1.59988
1.59988
1.59988
1.59988
-0.40012
-0.40012
-0.40012
-0.40012
-0.40012
-0.40012
-2.53032e-16
0.5
1.1
-0.40012
-0.40012
-0.40012
-0.40012
-0.500159
-0.40012
-0.40012
-0.500159
-0.40012
-0.40012
-0.40012
-0.40012
-0.40012
-0.40012
-0.40012
-0.40012
-0.40012
-0.40012
-0.40012
-0.40012
-0.40012
-0.40012
-0.40012
-0.40012
-1.59988
-1.59988
-1.59988
-1.59988
-1.59988
-1.59988
-1.59988
-1.59988
-1.59988
-1.59988
-1.59988
-1.59988
-1.59988
-1.59988
-1.59988
-1.59988
-1.59988
-1.59988
-1.59988
-1.59988
-0.40012
-0.40012
-0.40012
-0.40012
-0.40012
-0.40012
-0.40012
-0.40012
-0.40012
-0.40012
-0.40012
-0.40012
-0.40012
-0.40012
-0.40012
-0.40012
-0.40012
-0.40012
-0.40012
-0.40012
-0.40012
-0.40012
-0.40012
-0.40012
-0.40012
-0.40012
-0.40012
-0.40012
-0.40012
1.59988
1.59988
1.49984
1.49984
1.49984
-1.59988
-1.59988
-1.59988
-1.59988
-1.59988
-1.59988
-1.59988
-1.59988
-1.59988
-1.59988
-1.59988
-1.59988
-1.59988
-1.59988
-1.59988
-1.59988
-1.59988
-1.59988
-1.59988
-1.59988
-1.59988
-1.59988
-1.59988
-1.59988
-1.59988
-1.59988
-1.59988
1.49984
1.49984
1.49984
1.49984
1.49984
1.49984
1.49984
1.49984
1.49984
1.49984
1.49984
1.49984
1.59988
1.49984
1.59988
1.49984
1.49984
1.49984
1.49984
1.59988
1.49984
1.49984
1.49984
1.49984
-1.59988
-1.59988
-1.59988
-1.59988
-1.59988
-1.59988
-1.59988
-1.59988
-1.59988
-1.59988
-1.59988
-1.59988
-1.59988
-1.59988
1.59988
1.59988
1.59988
1.59988
1.49984
0.500159
0.500159
0.500159
0.500159
0.500159
0.40012
0.500159
0.500159
0.500159
0.500159
0.40012
0.500159
0.500159
0.500159
0.500159
0.500159
0.500159
0.500159
0.500159
0.500159
0.500159
0.500159
0.40012
0.500159
0.500159
0.40012
0.500159
0.500159
-1.3
-1.2
-1.1
-1
-0.416308
-0.463035
-0.507935
-0.55083
-0.591552
-0.629939
-0.665839
-0.699112
-0.729626
-0.757261
-0.781907
-0.803467
-0.848844
-0.857336
-0.862445
-0.86415
-0.862445
-0.857336
-0.848844
-0.837002
-0.821856
-0.803467
-0.781907
-0.757261
-0.729626
-0.699112
-0.665839
-0.629939
-0.591552
-0.55083
-0.507935
-0.463035
-0.416308
-0.367937
-0.318115
-0.161926
-0.108307
-0.0542605
-9.63639e-16
0.0542605
0.108307
0.161926
0.214905
0.267037
0.318115
0.367937
0.416308
0.55083
0.591552
0.629939
0.665839
0.699112
0.729626
0.757261
0.781907
0.803467
0.821856
0.837002
0.848844
0.857336
0.862445
0.857336
0.848844
0.803467
0.781907
0.757261
0.729626
0.699112
0.665839
0.629939
0.378934
-0.397354
-0.391234
-0.359686
-0.39578
0.400088
0.403901
-0.403673
-0.384405
0.500159
-0.418971
-0.577364
-0.53151
-0.481256
-0.529744
-0.454539
-0.568408
-0.479589
-0.630018
-0.670901
-0.714911
-0.671346
0.442737
0.482564
0.531624
0.493144
-0.6
1.49984
1.49984
1.49984
1.49984
1.49984
-0.7
1
1.49984
1.49984
1.49984
-1.49984
-1.49984
-1.49984
1.49984
1.49984
1.49984
-1.49984
-1.3998
1.49984
0.97878
0.972982
1.03656
1.04417
0.97878
1.04351
1.03647
0.972982
0.918527
0.920343
0.980715
1.49984
1.49984
1.49984
1.49984
-1.49984
-1.49984
1.49984
1.49984
1.49984
1.19972
1.19972
1.29976
1.29976
1.49984
-0.500159
-0.8
-0.7
-0.7
-0.6
-0.6
-0.5
-0.5
-0.4
-0.4
-1.49984
-1.49984
-1.3998
-1.3998
-0.980715
-1.04557
-1.04351
-0.97878
-0.3
0.1
0.2
0.963344
0.913086
0.904041
-1.49984
0.3
0.4
-0.918527
-0.920343
1.49984
1.49984
-0.859407
-0.916243
-0.942835
-0.887378
-0.500159
-0.500159
-0.8
-0.9
-0.500159
-0.500159
-1.49984
-1.49984
0.500159
0.600199
0.600199
-1.49984
-1.49984
-1.49984
-1.49984
-1.3998
-1.3998
-1.49984
-1.49984
0.500159
0.500159
-1.49984
-1.3998
-1.49984
-1.49984
-0.600199
-0.600199
-0.500159
-0.500159
0.486768
-0.492874
-0.588581
-0.491465
-0.58266
-0.558221
0.500159
0.500159
0.887378
0.859407
0.916243
0.943195
-0.500159
-0.500159
0.500159
0.500159
0.500159
-0.500159
-0.500159
-0.500159
-0.500159
-0.600199
-0.600199
0.500159
-0.303058
-0.321492
-0.384901
-0.361025
0.500159
1.1
-0.500159
-0.500159
0.600199
0.500159
0.600199
0.500159
0.500159
0.500159
0.600199
0.600199
-0.500159
-0.500159
0.500159
0.600199
0.600199
0.500159
0.172455
0.11535
1.49984
1.49984
1.49984
1.49984
1.49984
1.49984
1.49984
1.49984
1.49984
1.49984
1.49984
1.49984
1.49984
0.500159
0.500159
0.303058
0.243894
0.22888
0.284402
0.500159
0.500159
0.500159
-1.49984
-1.49984
0.489126
-1.49984
-1.49984
0.500159
0.500159
0.600199
0.600199
0.500159
1.49984
1.49984
1.49984
1.49984
1.49984
1.49984
1.49984
-0.8
-0.9
-1.49984
1.49984
1.4
1.4
-1.49984
-1.4
-1.4
1.49984
0.600199
-1.49984
-1.49984
-1.49984
-0.500159
-1.49984
-1.49984
-1.49984
-1.49984
-1.4
-1.4
-0.6
1.49984
1.49984
-1.2
-1.1
-0.9
-1
-0.9
-0.8
-0.3
1.49984
1.49984
0.1
0.2
1.3
1.2
1.1
1
0.9
0.8
0.7
0.6
0.5
0.3
0.4
-1.49984
-1.49984
-1.49984
-1.49984
-1.49984
-1.49984
-1.49984
-1.49984
-1.49984
-1.49984
-1.49984
-1.49984
-1.49984
-1.49984
-1.49984
-1.49984
-1.49984
-1.49984
-1.49984
-1.49984
-1.49984
-1.49984
-1.49984
-1.49984
-1.49984
-1.49984
-1.49984
-1.49984
-1.49984
-1.49984
-1.49984
-1.49984
-1.49984
-1.49984
-1.49984
-1.49984
-1.49984
-1.49984
-1.49984
-1.49984
-1.49984
-1.49984
-1.49984
-1.49984
-1.49984
-1.49984
-1.3998
-1.3998
-1.49984
-1.49984
-1.49984
-1.49984
-1.49984
-1.49984
1.1
1
1.49984
1.49984
-1.3
-1.2
-1.1
-1
0.600199
0.600199
0.500159
0.600199
0.600199
0.600199
0.600199
0.600199
0.500159
0.600199
0.600199
0.600199
0.600199
0.600199
0.600199
0.600199
0.600199
0.600199
0.600199
0.500159
0.600199
0.500159
0.600199
0.600199
0.600199
0.600199
0.600199
0.600199
0.600199
0.600199
0.600199
0.600199
0.500159
0.600199
-1.49984
-1.49984
-1.49984
-1.49984
-1.49984
-1.49984
-1.49984
-1.49984
-1.49984
-1.49984
1.3998
1.3998
1.3998
1.3998
1.49984
1.3998
1.3998
1.3998
1.3998
1.3998
1.3998
1.3998
1.3998
1.49984
1.3998
1.3998
1.3998
1.3998
1.3998
1.3998
1.49984
1.3998
1.3998
1.49984
1.49984
1.49984
1.3998
1.3998
1.3998
1.49984
1.49984
1.3998
1.3998
1.49984
1.49984
1.49984
1.3998
1.3998
-0.500159
-0.500159
-0.500159
-0.500159
-0.500159
-0.500159
-0.500159
-0.500159
-0.500159
-0.500159
-0.500159
-0.500159
-0.500159
-0.500159
-0.500159
-0.500159
-0.500159
-0.500159
-0.500159
-0.500159
-0.500159
-0.500159
-0.500159
-0.500159
-0.500159
-0.500159
-0.500159
-0.500159
-0.500159
-0.500159
-0.500159
-0.500159
-0.500159
-0.500159
-0.500159
-0.500159
-0.500159
-0.500159
-0.500159
-0.500159
-0.500159
-0.500159
-0.500159
-0.500159
0.500159
0.600199
0.600064
-0.500159
-0.49359
0.420667
0.480331
0.454772
-0.482607
-0.443105
-0.467225
0.560139
0.535381
-0.493144
-0.540964
-0.586649
-0.709136
-0.744573
-0.777071
-0.806503
-0.832751
-0.891429
-0.904041
-0.913086
-0.918527
-0.913086
-0.904041
-0.891429
-0.875298
-0.855713
-0.832751
-0.806503
-0.777071
-0.744573
-0.709136
-0.670901
-0.630018
-0.586649
-0.540964
-0.493144
-0.443379
-0.391863
-0.338801
-0.284402
-0.22888
-0.172455
-0.11535
-0.0577888
-1.26852e-15
0.0577888
0.417568
0.446841
0.384901
0.361025
0.338801
0.391863
0.443379
0.493144
0.540964
0.586649
0.630018
0.744573
0.777071
0.806503
0.832751
0.855713
0.875298
0.891429
0.904041
0.913086
0.918527
0.949904
0.932716
0.991298
1.00714
0.855713
0.832751
0.806503
0.777071
0.744573
0.709136
0.670901
0.630018
-0.57823
-0.552068
0.657561
0.9
0.8
0.600199
0.600199
1.02401
1.29976
1.3998
1.3998
1.29976
1.3998
1.3998
1.3998
1.29976
1.29976
1.3998
0.579843
-0.594238
-1.3
-7.96889e-16
-4.59634e-16
-0.1
0.4
0.5
0.5
0.57645
0.625132
0.666474
0.614573
1.29976
1.29976
1.3998
1.1
1.2
1
0.9
0.9
1
-1.29976
-1.29976
-1.3998
-1.3998
1.29976
1.29976
-1.29976
-1.29976
-1.3998
-1.3998
-1.3998
-1.3998
-0.715744
-0.76219
-0.828045
-0.882807
-1.3998
-1.3998
0.828045
0.882807
0.845887
0.793415
-0.963344
-1.02214
-1.00703
-0.949904
-1.3998
-1.3998
1.2
-0.600199
-0.600199
1.3998
1.3998
0.755654
0.805628
0.845887
0.793415
0.828045
0.882807
-0.700239
-0.600199
-0.600199
-0.700239
0.700239
0.700239
0.600199
0.600199
0.700239
0.700239
0.600199
0.600199
0.600199
0.600199
0.600199
-0.700239
-0.700239
-0.600199
0.600199
-0.793415
-0.845887
-0.882807
-0.828045
0.600199
0.700239
0.700239
0.600199
0.600199
-0.714911
-0.755654
0.600199
0.600199
0.600199
0.600199
0.600199
0.600199
-1.09968
-1.09968
-1.19972
-1.19972
0.600199
0.600199
-0.57645
-0.614573
-0.666474
-0.625132
-1.3998
-1.3998
-1.29976
-1.29976
-1.3998
1.04557
-1.3998
-1.3998
-1.3998
-0.256895
-0.243894
-0.0615796
-0.0656521
-1.66523e-15
1.29976
1.29976
1.3998
1.3998
1.3998
0.532443
-1.3
-1.3
-0.600199
-1.3998
1.3
1.3
1.3998
1.29976
0.7
-1.29976
0.700239
-1.3998
-1.3998
-0.600199
-0.600199
-1.3998
-1.3998
0.700239
-1.3998
-1.3998
-1.3998
-1.3998
-1.3
0.8
0.7
0.6
-0.3
-0.2
0.1
0.600199
0.700239
0.700239
1.2
1.1
-1.2
0.700239
1.3998
1.3998
1.3998
-1.29976
-1.29976
-0.600199
-0.600199
-0.600199
-0.600199
-0.600199
-0.600199
-1.3998
-1.3998
-1.3998
-1.3998
-1.3998
-1.3998
-1.3998
-1.3998
-1.3998
-1.3998
-1.3998
-1.3998
-1.1
-1
-0.600199
-0.600199
-0.600199
-0.600199
-0.600199
-0.600199
-0.600199
-0.600199
-0.600199
-0.600199
-0.600199
-0.600199
-0.600199
-0.600199
-0.600199
-0.600199
-0.600199
-0.600199
-0.600199
-0.600199
0.600199
0.700239
0.700239
0.700239
0.700239
0.700239
0.700239
0.700239
0.700239
0.700239
0.700239
-1.3998
-1.3998
-1.3998
-1.3998
-1.3998
-1.3998
-1.3998
-1.3998
-1.3998
-1.3998
-1.3998
-1.3998
-1.3998
-1.3998
-1.3998
-1.3998
-1.3998
-1.3998
-1.3998
-1.3998
-1.3998
-1.3998
-1.3998
-1.3998
-1.3998
-1.3998
-1.3998
-1.3998
-1.3998
-1.3998
-1.3998
-1.3998
-1.3998
-1.3998
-1.3998
-1.3998
-1.3998
-1.3998
-1.3998
-1.3998
-0.600199
-0.600199
-0.600199
-0.600199
-0.600199
-0.600199
-0.600199
-0.600199
-0.600199
-0.600199
-0.600199
-0.600199
-0.600199
-0.700239
-0.700239
-0.600199
-0.600199
-0.600199
-0.600199
-0.600199
-0.600199
-0.600199
-0.600199
-0.600199
-0.600199
-0.600199
-0.600199
-0.600199
-0.600199
-0.600199
-0.600199
-0.600199
-0.600199
-0.600199
-0.600199
-0.600199
-0.600199
1.3998
1.3998
1.3998
1.3998
1.3998
1.3998
1.3998
1.3998
1.3998
1.3998
1.3998
1.3998
1.3998
1.3998
1.3998
1.3998
1.3998
1.3998
1.3998
1.3998
1.3998
1.3998
1.3998
1.3998
1.3998
1.3998
0.700239
0.700239
0.700239
0.700239
0.700239
0.700239
0.700239
0.700239
0.700239
0.700239
0.700239
0.700239
0.700239
0.700239
0.700239
0.700239
0.700239
0.700239
0.700239
1.3998
1.3998
1.3998
1.3998
1.3998
1.3998
1.3998
1.3998
1.3998
1.3998
1.3998
1.3998
1.3998
1.3998
1.3998
1.3998
1.3998
1.3998
1.3998
1.3998
1.3998
1.3998
1.3998
1.3998
1.3998
1.3998
1.3998
1.3998
1.3998
1.3998
1.3998
1.3998
1.3998
1.3998
1.3998
1.3998
-1.3998
-1.3998
-1.3998
-1.3998
-1.3998
-1.3998
-1.3998
-1.3998
-1.3998
-1.3998
-1.3998
-1.3998
-1.3998
-1.3998
-1.3998
-1.3998
-0.7
-0.7
-0.8
-0.9
0.700239
-0.59797
-0.579373
-0.625132
-0.859407
-0.887378
-0.972982
-0.97878
-0.972982
-0.963344
-0.911846
-0.805628
-0.671346
-0.417568
0.183768
0.197266
0.911846
0.932716
0.911846
0.714911
0.671346
0.625132
-0.657873
-0.699554
-0.688136
-0.517389
-0.642382
0.568701
0.589315
0.579089
0.544317
-0.623122
0.715744
0.76219
0.764292
0.812979
0.700239
0.700239
0.700239
-1.29976
-1.29976
0.9
1
0.700239
-1.29976
-1.29976
0.700239
-1.2
-1.1
-1
-0.9
-0.8
0.800279
0.800279
-0.7
-0.6
-0.5
-0.4
0.700239
0.700239
0.700239
0.2
0.3
0.800279
0.800279
0.700239
0.700239
0.97215
0.700239
1.29976
1.29976
0.700239
0.700239
-1.19972
-1.29976
-1.19972
0.700239
-0.700239
-0.700239
0.700239
0.700239
-0.991318
-0.97215
-1.29976
-1.29976
-1.29976
-1.29976
1.29976
1.29976
-1.29976
-1.29976
-1.20665
-1.20327
-1.04222
-1.12831
-1.12575
-1.05561
-1.29976
-1.29976
1.29976
1.29976
-0.800279
-0.800279
-0.900319
-0.900319
-0.900319
-0.800279
-0.800279
-0.900319
-0.700239
-0.800279
1.29976
1.29976
0.700239
0.700239
0.700239
0.700239
-1.29976
-1.29976
-1.29976
-1.29976
-1.29976
-1.29976
1.29976
1.29976
-0.700239
-0.700239
-0.800279
-0.800279
-0.700239
-0.700239
-0.700239
0.258037
-1.19972
-1.19972
-1.29976
-1.29976
1.29976
1.29976
1.29976
1.29976
-1.29976
-1.29976
-1.19972
-1.29976
-1.29976
-1.19972
-0.700239
-0.700239
-1.29976
-1.29976
0.8
0.9
1.19972
1.29976
1.2
1.2
-1.2
-1.2
-0.625039
-0.8
1.1
-1.2
-1.1
0.800279
1.29976
1.29976
1.19972
-1.1
-1
-0.303239
-0.195618
-1
-1.29976
-1.29976
0.800279
0.800279
0.800279
0.800279
0.800279
0.700239
0.800279
0.800279
0.800279
0.800279
0.800279
0.800279
0.800279
0.800279
0.6
0.7
0.8
-0.700239
-0.700239
1.29976
1.29976
1.29976
1.29976
1.29976
1.29976
1.29976
1.29976
1.29976
-0.700239
-0.700239
-0.700239
-0.700239
-0.700239
-1.19972
0.800279
0.800279
0.800279
0.800279
0.800279
0.800279
0.800279
0.800279
0.800279
-1.29976
-1.20073
-1.20512
-1.18769
-1.20899
-1.29976
-1.29976
-1.29976
-1.29976
-1.29976
-1.29976
1
-1.29976
-1.29976
-1.29976
-1.29976
-1.29976
-1.29976
-1.29976
-1.29976
-1.29976
-1.29976
-1.29976
-1.29976
-1.29976
-1.29976
-1.29976
-1.29976
-1.29976
-1.29976
-1.29976
-1.29976
-1.29976
-1.29976
-1.29976
-1.29976
-1.29976
-1.29976
-1.29976
1.29976
1.29976
1.29976
1.29976
1.29976
1.29976
1.29976
-0.700239
-0.700239
-0.700239
-0.700239
-0.700239
-0.700239
-0.700239
-0.800279
-0.800279
-0.700239
-0.700239
-0.700239
-0.700239
-0.700239
-0.700239
-0.700239
-0.700239
-0.700239
-0.700239
-0.700239
-0.700239
-0.700239
-0.700239
1.29976
1.29976
1.29976
1.29976
-1.29976
-1.29976
-1.29976
-1.29976
-1.29976
-1.29976
-1.29976
-1.29976
-1.29976
-1.29976
-0.700239
-0.700239
-0.700239
-0.700239
-0.700239
-0.700239
-0.700239
-0.700239
-0.700239
-0.700239
-0.700239
-0.700239
-0.700239
-0.700239
-0.700239
-0.700239
-0.700239
-0.700239
-0.700239
-0.700239
-0.700239
-0.700239
-0.700239
-0.700239
-0.700239
-0.700239
-0.700239
-0.700239
-0.700239
-0.700239
1.29976
1.29976
-1.29976
-1.29976
-1.29976
-1.29976
-1.29976
-1.29976
-1.29976
-1.29976
-1.29976
-1.29976
-1.29976
-1.29976
-1.29976
-1.29976
-1.29976
-1.29976
-1.29976
-1.29976
-1.29976
1.29976
1.29976
1.29976
1.29976
1.29976
1.29976
1.29976
1.29976
1.29976
1.29976
1.29976
1.29976
1.29976
1.29976
1.29976
1.29976
1.29976
1.29976
1.29976
1.29976
1.29976
1.29976
1.29976
1.29976
1.29976
1.29976
1.29976
1.29976
1.29976
1.29976
1.29976
1.29976
1.29976
1.29976
1.29976
1.29976
1.29976
1.29976
1.29976
1.29976
1.29976
1.29976
1.29976
1.29976
1.29976
1.29976
1.29976
1.29976
1.29976
1.29976
1.29976
1.29976
1.19972
0.800279
-0.697284
-0.695186
-0.670143
0.670012
0.717518
0.859312
0.97215
1.1192
1.11575
0.991749
0.805628
0.859312
0.812979
0.655525
0.713522
0.768651
0.700681
0.321492
0.078825
0.0938899
7.85292e-05
1.74509e-05
-2.13338e-15
-0.446841
-0.715744
-0.710885
-0.764584
-0.76219
-0.898698
-0.859312
-0.916819
-0.947958
-0.97215
-1.02147
-1.03632
-1.04351
-1.11924
-1.11583
-1.0366
-1.10622
-1.13313
-1.12767
-1.06018
-1.08157
-1.04501
-0.942835
-0.916243
-0.684006
0.658113
0.702191
0.686068
0.630784
-0.647295
0.754982
0.729099
-0.9
-0.800279
-0.800279
1.1
1
-0.723543
-1.19972
1.0431
1.12784
1.12282
1.05447
-0.9
-0.799285
-0.8
-0.897995
-0.800279
-0.800279
-0.7
-0.0935932
-0.0787552
0.155208
0.196735
0.214228
-1.19972
-1.19972
1.0476
1.04428
1.12942
1.12976
1.20692
1.2032
1.06334
1.08266
-1.19972
-1.19972
-1.04256
-1.05442
-1.12417
-1.12785
-0.989602
-1.20896
-1.20655
-1.04481
-1.12493
-1.20284
-1.06049
-1.07977
0.800279
0.800279
0.800279
0.800279
1.09968
1.19972
1.19972
1.09968
1.20059
1.11575
1.10571
1.18712
1.13199
0.800279
0.800279
1.00036
1.00036
0.900319
0.900319
0.785998
-0.777467
-0.819489
-0.787488
-0.67649
-0.743141
0.800279
0.800279
0.800279
0.800279
1.20503
0.800279
0.800279
0.800279
0.800279
0.800279
0.303518
0.269498
0.313151
0.241371
0.403839
0.498593
0.497678
0.400858
-1.19972
-1.19972
-0.900319
-0.800279
-0.800279
-0.900319
0.337381
0.8
1.10589
1.20056
1.18701
0.598713
0.7
-1.19972
-1.19972
-1.20075
-1.19972
-1.19972
1.20269
1.08089
1.13289
1.12821
1.06225
1.20651
-1.19972
-0.800279
-0.800279
0.900319
1.00036
1.00036
0.900319
1.19972
1.19972
0.800279
0.800279
0.800279
0.800279
0.800279
0.800279
0.800279
0.800279
0.800279
0.800279
0.800279
0.800279
0.800279
0.800279
1.19972
1.19972
0.800279
0.900319
0.900319
0.863293
0.81863
0.765219
0.800279
0.800279
0.800279
0.800279
1.09968
1.19972
1.19972
1.09968
0.900319
0.900319
0.800279
-1.11582
-1.10514
-1.18762
-1.13078
0.900319
0.900319
-1.10875
-1.02811
1.19972
1.19972
-1.19972
-1.19972
-1.19972
-1.19972
-1.19972
-1.19972
-1.19972
-1.19972
-1.19972
-1.19972
-0.900319
-0.800279
-0.800279
-0.900319
-1.19972
-1.19972
1.19972
1.19972
-1.19972
-1.19972
1.19972
1.19972
-0.497661
-0.400788
-0.240399
-0.312284
-0.268291
-0.213294
-0.154678
-1.00036
-1.09968
-1.09968
-1.00036
1.19972
1.19972
-0.900319
-0.800279
-0.800279
-0.900319
1.19972
1.19972
0.969964
0.99226
1.12724
1.2097
1.05645
-0.598096
-0.551502
-0.49415
-0.496909
0.772046
0.727781
1.0459
1.20895
-0.818728
-0.863351
-0.812979
1.19972
1.10394
1.10902
1.19972
1.10575
1.02874
1.00107
-0.900319
-0.800279
-0.800279
-0.900319
-0.900319
-0.800279
-0.800279
-0.900319
-0.800279
-0.800279
-0.800279
1.1
1.1
-1.19972
-1.19972
0.9
-1.19972
-1.1
-1.1
1.19972
1.09968
1.19972
-0.800279
-0.800279
-0.800279
1.19972
1.19972
-1
0.800279
0.900319
1.19972
1.19972
-1.1
-0.655316
-0.700462
-0.767957
-0.703888
-0.6
-0.630578
-0.406428
-0.403836
-0.336994
1.19972
1.19972
0.900319
0.900319
1.19972
1.19972
1.19972
1.19972
1.19972
1.19972
1.00036
0.900319
0.900319
1.00036
0.800279
0.900319
0.900319
0.800279
0.900319
0.900319
0.406451
0.477656
0.494876
-0.800279
-0.800279
-0.800279
-0.800279
-0.800279
-0.800279
-0.800279
-0.800279
-0.800279
-0.800279
-0.800279
-1.2043
-1.19972
-1.19972
-1.19972
-1.19972
-1.19972
-1.19972
0.900319
-1.19972
1.19972
1.19972
1.19972
1.19972
1.19972
-0.800279
-0.800279
-0.800279
-0.800279
-0.800279
-0.800279
-0.800279
-0.800279
0.800279
0.900319
0.900319
-1.19972
-1.19972
-1.19972
-1.19972
-1.19972
-0.906516
-0.90414
-0.800279
-0.802588
-1.19972
-1.19972
-1.19972
-1.19972
-1.19972
-1.19972
-1.19972
-1.19972
-1.19972
-1.19972
-1.19972
-1.19972
-1.19972
-1.19972
-1.19972
-1.19972
-1.19972
-1.19972
-1.19972
-1.19972
-1.19972
-1.19972
-1.19972
-1.19972
-1.19972
-1.19972
-1.19972
1.19972
1.19972
1.19972
1.19972
-0.800279
-0.800279
-0.800279
-0.800279
-0.800279
-0.800279
-0.800279
-0.800279
-0.800279
-0.800279
-0.800279
-0.800279
-0.800279
-0.800279
-0.800279
-0.800279
-0.800279
-0.800279
-0.800279
-0.800279
-0.800279
1.19972
1.19972
1.19972
1.19972
1.19972
1.19972
1.19972
1.19972
1.19972
1.19972
1.19972
1.19972
1.19972
1.19972
1.19972
1.19972
1.19972
1.19972
1.19972
1.19972
1.19972
1.19972
1.19972
1.19972
1.19972
1.19972
1.19972
1.19972
1.19972
1.19972
1.19972
1.19972
1.19972
1.19972
1.19972
1.19972
1.19972
1.19972
1.19972
1.19972
1.20466
-1.19972
-1.19972
-1.19972
-1.19972
-1.19972
-1.19972
-1.19972
-1.19972
-1.19972
-1.19972
-1.19972
-1.19972
-0.900319
-0.900319
1.19972
1.19972
-0.79157
-0.789745
-0.720216
-0.769941
-0.815882
-0.859312
-0.897491
-0.938234
-0.969491
-0.991587
-0.968372
-0.93793
-0.595345
-0.535029
-0.477758
0.532774
0.594831
0.898156
0.93894
0.96963
0.992018
0.938512
0.897929
0.797644
0.79998
-0.788112
-0.79777
0.77446
0.786641
0.800496
-0.768254
-0.782843
-0.843045
-0.78194
1.10818
1.09968
0.988066
1.02953
0.845986
0.865174
0.784548
0.822134
1.0983
0.986728
0.991373
1.09968
1.00036
1.09968
1.09968
1.00036
1
1.00054
0.946194
1.02243
-0.900319
-1
-1
-1.09968
-0.9
-0.900319
-0.900319
-0.999039
-1.10538
-1.10637
-0.868518
-0.869386
-0.942819
-0.944572
1.00036
1.09968
1.09968
0.900319
0.900319
0.999641
0.900319
0.900319
0.900319
1.09968
1.09968
1.00036
1.00036
0.900319
1.00036
1.09968
1.09968
0.900319
0.900319
1.00036
0.900319
0.900319
0.900319
0.900319
0.900319
0.900319
1.00036
1.09968
1.00036
1.00036
1.00036
0.900319
0.900319
1.00036
1.09968
1.09968
1.00036
1.00036
1.00036
-0.998952
-1.02601
1.10707
0.868529
0.919068
0.820429
0.900319
1.00036
1.00036
0.900319
0.900319
1.00036
0.900319
0.900319
-0.900319
-0.900319
-1.09968
-1.09968
-1.00036
-1.00036
-1.09968
-1.09968
-1.00036
-1.00036
-0.900319
-0.900319
0.996617
0.896742
0.900319
0.999641
0.883293
-0.986821
-0.929926
-0.873201
0.877761
0.876228
0.953652
1.03366
0.900319
1.00036
1.09968
0.900319
-1.09968
-1.00036
-0.900319
-0.900319
-1.00036
-1.09968
0.900319
0.900319
1.00036
1.00036
0.900319
1.00036
0.900319
1.00036
0.900319
1.00036
1.09968
0.630778
0.719317
1.00036
0.900319
0.900319
1.00036
0.900319
-1.00036
-1.09968
-1.09968
-1.00036
-0.917465
-0.944634
-1.0196
-0.993781
-0.92171
-0.831685
-0.872085
-0.928576
-1.09968
-1.09968
-1.00036
-1.09968
-1.09968
-1.00036
-1.09968
-1.09968
-1.00036
-1.00036
-1.09968
-1.09968
-1.09968
-1.00036
-1.00036
-1.00036
-1.09968
-1.09968
-0.900319
-0.900319
-0.900319
-0.900319
1.09968
1.09968
1.09968
0.900319
1.00036
1.00036
0.900319
-1.00036
-1.09968
-1.00036
1.00036
1.00036
0.900319
0.900319
1.00036
1.00036
0.900319
0.900319
0.900319
0.900319
1.00036
1.00036
0.900319
1.00036
1.00036
-0.900319
-1.09968
-1.00036
-1.09968
-1.00036
-1.09968
-1.00036
0.900319
1.00036
1.00036
0.900319
1.00036
1.09968
1.09968
1.00036
1.00036
1.00036
1.09968
1.09968
1.00036
0.900319
0.999641
1.00036
1.09968
1.09968
0.900319
0.900319
-1.02162
-1.02121
-1.10507
-1.02128
-0.900319
-0.900319
-1.09968
-1.00036
-0.867687
-1.09968
-1.09968
-1.09968
-1.09968
-1.09968
-1.09968
-1.09968
-1.09968
-0.900319
-0.900319
-0.999641
-0.999641
-0.999641
-1.09968
-1.09968
-0.999641
-1.09968
-1.09968
-0.900319
-0.900319
-0.900319
-1.09968
-1.09968
-0.900319
-0.999641
-1.09968
-0.999641
-1.09968
-1.09968
-0.900319
-0.900319
-0.900319
-1.00036
-1.00036
-1.00036
-1.09968
-1.09968
-1.00036
-1.09968
-1.00036
-1.09968
-1.00036
-1.09968
-0.842033
-0.865409
-0.91467
-0.995993
-0.987571
-1.09968
-0.900319
-0.900319
-0.900319
0.900319
-1.00036
-1.09968
-1.09968
-1.00036
-1.09968
-1.09968
-0.900319
-1.09968
-0.999641
-0.999641
-1.09968
-1.09968
-0.999641
-1.09968
-1.09968
-1.09968
-0.76429
0.823916
-0.900319
1.09968
1
1
-0.991348
-1.01004
-0.953065
-1.09968
-1.09968
1.09968
-1
1.09968
0.892673
0.902033
0.953508
0.993752
0.900319
-0.901946
-0.889423
1.09968
1.00036
1.09968
1.09968
1.09968
1.09968
1.09968
1.09968
1.09968
1.09968
1.09968
1.09968
1.09968
-1.10362
-1.10888
-1.10615
-1.00036
-1.00036
-1.09968
1.09968
1.09968
1.09968
1.09968
-1.09968
-1.09968
-1.00036
-0.900319
-0.900319
-0.900319
-0.900319
-0.900319
-1.00036
-0.900319
-0.900319
0.9
0.800533
0.704256
0.597173
-0.900319
-0.900319
-0.900319
-0.900319
-0.900319
-1.09968
-0.900319
-0.900319
-0.900319
-0.999641
-0.999641
-0.900319
-1.09968
-0.900319
-0.900319
-0.900319
-0.999641
1.00036
1.00036
1.00036
1.00036
1.00036
1.00036
1.00036
1.00036
0.900319
1.00036
1.09968
1.09968
1.00036
1.00036
1.09968
1.09968
1.09968
1.00036
1.09968
1.00036
1.00036
1.00036
1.09968
1.09968
0.900319
1.00036
1.09968
1.09968
1.09968
1.09968
1.09968
1.00036
1.09968
1.09968
1.09968
1.09968
1.09968
1.00036
1.09968
1.09968
1.09968
1.09968
0.900319
-1.09968
-0.900319
-0.900319
-0.900319
-0.900319
-0.900319
1.09968
1.09968
1.09968
1.09968
1.09968
1.09968
1.10894
1.10963
1.10987
0.891016
1.10191
1.09968
1.10782
1.10946
-1.00036
-1.00036
-1.09968
-1.09968
-1.00036
-1.00036
-1.09968
-0.999641
-0.999641
-0.999641
-0.999641
-0.999641
-1.09968
-0.999641
-0.999641
-0.999641
-0.999641
-1.09968
-0.999641
-0.999641
-0.999641
-0.999641
-1.10378
-1.00487
-1.00742
-1.10484
-1.0198
-1.10555
-1.02162
-0.859545
-0.937636
-1.09968
-0.859292
-0.840319
-0.922698
-0.92448
-1.09968
-1.10694
-0.948976
0.876027
0.921639
0.999641
1.00384
1.02975
1.03027
0.950728
-0.894902
1.0292
0.854403
-1.0279
0.948485
0.91826
0.552153
1.02707
0.94708
0.937624
0.797043
1.01094
1.02665
0.896586
-0.718172
-0.797142
-0.892695
-0.995345
0.930297
0.88857
-1.00359
-1.00428
-0.999641
-0.999641
-0.999641
