0
-0.1
-0.2
-0.3
-0.4
-0.5
-0.6
-0.7
-0.8
-0.9
-1
-1.1
-1.2
-1.3
-1.4
-1.5
-1.6
-1.7
-1.8
-1.9
-2
-2
-2
-2
-2
-2
-2
-2
-2
-2
-2
-2
-2
-2
-2
-2
-2
-2
-2
-2
-2
-2
-2
-2
-2
-2
-2
-2
-2
-2
-2
-2
-2
-2
-2
-2
-2
-2
-2
-2
-2
-2
-2
-2
-2
-2
-2
-2
-2
-2
-2
-2
-2
-2
-2
-2
-2
-2
-2
-2
-2
-2
-2
-2
-2
-2
-2
-2
-2
-2
-2
-2
-2
-2
-2
-2
-2
-2
-2
-2
-2
-2
-2
-2
-2
-2
-2
-2
-2
-2
-2
-2
-2
-2
-2
-2
-2
-2
-2
-2
-2
-2
-2
-2
-2
-2
-2
-2
-2
-2
-2
-2
-2
-2
-2
-2
-2
-2
-2
-2
-2
-1.9
-1.8
-1.7
-1.6
-1.5
-1.4
-1.3
-1.2
-1.1
-1
-0.9
-0.8
-0.7
-0.6
-0.5
-0.4
-0.3
-0.2
-0.1
0
0.1
0.2
0.3
0.4
0.5
0.6
0.7
0.8
0.9
1
1.1
1.2
1.3
1.4
1.5
1.6
1.7
1.8
1.9
2
2
2
2
2
2
2
2
2
2
2
2
2
2
2
2
2
2
2
2
2
2
2
2
2
2
2
2
2
2
2
2
2
2
2
2
2
2
2
2
2
2
2
2
2
2
2
2
2
2
2
2
2
2
2
2
2
2
2
2
2
2
2
2
2
2
2
2
2
2
2
2
2
2
2
2
2
2
2
2
2
2
2
2
2
2
2
2
2
2
2
2
2
2
2
2
2
2
2
2
2
2
2
2
2
2
2
2
2
2
2
2
2
2
2
2
2
2
2
2
2
1.9
1.8
1.7
1.6
1.5
1.4
1.3
1.2
1.1
1
0.9
0.8
0.7
0.6
0.5
0.4
0.3
0.2
0.1
0
61.8034
117.557
161.803
190.211
200
190.211
161.803
117.557
61.8034
0
-61.8034
-117.557
-161.803
-190.211
-200
-190.211
-161.803
-117.557
-61.8034
-1.91056
-1.8018
-1.25714
-1.50669
-1.51281
-1.26568
2.75965
2.76917
2.54393
2.50379
2.1066
2.10669
2.22014
2.22642
3.1857
3.48169
3.43622
3.1462
-3.02263
-3.03608
-3.32985
-3.28067
1.7963
1.99797
2.20364
2.09132
-1.72502
-1.99735
-1.79933
2.3371
2.48591
2.47161
2.32501
-2.34422
-2.34368
-2.50274
-2.10629
-2.10944
2.10629
2.10504
2.10504
2.10629
-1.70032
-1.80154
2.10629
2.10661
2.10787
2.10504
2.10952
2.10661
2.22014
2.22642
-2.33424
-2.344
-2.50321
-2.10629
-2.10661
2.10629
2.10504
2.10504
2.10755
2.02955
1.91048
-1.1
-1
-1
-1.1
2.10629
2.10944
2.10504
2.10755
-1.3
-1.4
2.34509
2.34516
2.10826
2.10836
2.225
2.22642
2.1066
2.22642
2.22014
2.10669
-3.00003
-2.7465
-2.67079
-2.88687
-3.02592
-3.04034
-3.32542
-3.28418
-1.70085
-1.69376
-1.79204
-1.80127
-2.59173
-2.41418
-2.44457
-2.71121
2.10504
2.10629
2.10796
2.10993
-1.69851
-0.416336
-0.439091
-0.253389
-0.309463
-0.9
-0.8
2.11559
2.22509
2.22918
2.1154
143.351
148.271
142.978
1.3
1.4
1.2
2.10795
2.10661
1.70065
1.80188
2.10504
2.10629
-0.296374
-0.199845
-0.485852
-0.402124
2.10661
2.10797
2.10504
2.10826
0.5
0.5
0.4
0.4
0.3
0.304337
-2.34315
-2.50133
-2.54145
-2.36538
122.097
88.9291
-1.2
-1.2
2.22014
2.22523
-1.5
-0.7
-0.6
-0.589876
-0.694433
-2.10661
-2.10952
47.0655
-0.033046
-47.1585
-0.4
-0.5
-0.5
-0.4
-0.3
-0.2
-0.2
-0.3
2.10912
2.10504
2.10629
2.10629
2.10858
2.10629
2.10826
2.10786
-1.6
2.10795
-1.1
-1
2.10944
2.10629
-2.34442
-2.36538
-2.54145
-2.51524
0.8
0.7
-2.10629
-2.10787
-2.10504
-2.10735
-2.10779
-2.34451
-2.34422
-2.50635
-2.10787
-2.10504
-2.10669
-2.1066
-2.49989
-2.33271
0.3
0.2
-2.76328
-2.76319
-2.50069
2.10504
2.10629
2.10504
2.10786
-2.10797
-2.10671
-2.10669
-2.1066
-2.10669
-2.10797
2.10671
2.10829
2.10629
2.10818
2.10629
2.10504
1.4
1.3
1.49944
-2.11071
-2.10755
-2.10661
-2.10834
0.9
1
1.1
2.10826
2.10787
2.10629
2.10504
2.10944
2.22014
2.22642
2.1108
2.10797
2.10671
2.10671
2.10627
2.10916
2.10755
1.4
1.5
1.5
1.90567
1.59965
2.10629
2.10504
-1.90585
2.10818
2.10629
2.22014
2.22642
2.10708
2.10848
-0.2
-0.1
-3.93404e-17
-0.000905986
0.1
0.1
-2.22014
-2.22014
-2.10661
-2.10629
-2.34442
-2.51524
-2.54145
-2.36538
-2.22037
-2.22975
-2.1092
-2.10592
-2.10846
-2.10777
-2.10504
-2.10836
-2.10828
2.10954
2.10669
-2.10669
-2.10797
-2.10952
-2.11056
2.10629
2.10818
-2.22014
-2.22014
-2.34823
-2.34509
-2.10661
-2.22014
-2.22014
88.6773
122.349
2.1104
2.10629
2.22579
2.10504
-2.10923
-2.10669
-2.10629
-2.10992
-2.53772
-2.34677
-2.36538
-2.10504
-2.10629
-2.34736
-2.33424
-2.22014
-2.22014
2.22014
2.22642
2.10786
2.10826
2.22072
2.10966
2.22095
2.10504
2.10755
2.10818
2.10629
-89.1547
-122.679
-143.436
-148.048
-143.289
47.7707
0.0608501
-122.266
-88.6702
-47.7365
-2.10629
-2.51894
-2.33098
-2.33209
-2.3331
-2.10504
-2.10629
-2.10826
-2.10629
-2.10828
-2.22014
-2.22642
-2.34219
-2.33208
-2.10795
-2.10504
-2.22014
-2.33271
-2.34498
-2.22014
-2.34161
-2.35078
-2.22601
-2.22362
-2.22014
-2.33395
-2.21752
-2.1066
-2.10826
-2.10629
-2.10504
-2.10629
-2.10867
-2.10826
-2.10661
-2.10629
-2.10504
-2.10786
-2.10826
-2.10504
-2.10834
-2.10818
-2.10629
-2.10504
-2.10787
-2.10629
-2.10504
-2.10629
-2.10504
-2.10504
-2.10629
-2.10669
-2.1066
-2.22642
-2.22506
-2.10828
-2.10629
-2.10787
-2.10504
-2.10629
-2.10983
-2.10504
-2.10786
-2.10826
-2.34509
-2.51524
-2.10504
-2.10629
-2.10858
-2.10786
-2.10661
-2.10629
-2.10504
-2.10952
-2.10504
-2.10787
-2.10629
-2.10504
-2.10629
-2.35254
-2.10504
-2.10912
-2.10504
-2.10629
-2.10661
-2.11099
-2.10504
-2.10755
-2.32544
-2.33009
-2.49954
-2.48369
-2.10504
-2.10629
-2.10787
-2.10504
-2.10912
-2.10504
-2.10629
-2.10856
-2.11065
-2.11284
-2.11944
2.10504
2.10834
2.11015
2.10838
2.10834
2.10504
2.10629
2.10826
2.1066
2.10504
2.10629
2.10787
2.10504
2.10629
2.10661
2.11087
2.30951
2.35736
2.11863
2.13298
2.10661
2.34509
2.51524
2.5376
2.36538
2.3292
2.33179
2.50214
2.50074
2.10795
2.1066
2.22642
2.22014
2.10669
2.22014
2.22014
2.10629
2.10504
2.22014
2.22014
2.22642
2.22014
2.10504
2.22343
2.10787
2.10504
2.22014
2.22014
2.22014
2.22014
2.22014
2.22014
2.22014
2.22014
2.22014
2.22579
2.22373
2.10669
2.22014
2.22642
2.22014
2.10504
2.22014
2.10504
2.22014
2.22014
2.22642
2.22014
2.22014
2.22014
2.22014
2.22014
2.22014
2.22014
2.22014
2.22005
2.12866
2.17455
2.24476
2.18201
2.22176
0.6
0.6
0.7
0.7
0.8
1.1
1.2
1.3
1.60363
1.70867
1.80564
1.90435
0.201226
0.2
-0.300215
-0.400859
-0.5
-0.6
-0.7
-0.896638
-1.00384
-1.00887
-0.818419
-1.2
-1.3
-1.4
-1.5
-1.59813
-2.02955
-1.5
-1.6
-0.9
-0.8
-0.7
-0.6
-0.20012
-0.104258
-0.1
-3.13688e-17
0.1
0.4
0.5
0.6
1
1.1
1.10443
0.997971
0.9
1
1.40206
1.49213
1.48773
1.1
1.2
1.59777
1.69692
1.80122
-2.01457
-2.13286
2.01443
2.22014
0.0436201
36.5098
67.5244
95.2185
112.108
113.783
104.517
90.3667
81.0731
92.5613
-17.489
-8.33034
-13.0736
-36.8529
-67.2266
-95.139
8.33034
8.18512e-14
8.65141e-14
9.24582
-85.6858
-94.0685
-81.5792
-76.013
-95.053
-83.2023
115.469
114.884
-1.59546
-1.69984
-1.71301
-1.59459
79.9487
64.8639
49.4724
2.22014
2.22014
32.4787
15.295
-92.7561
-104.428
-64.9811
-79.883
-32.4593
-49.4622
0.333339
-15.1446
-14.6055
-29.983
-2.34402
-2.49544
-2.51304
-2.33445
-1.30058
-1.4
2.35254
2.51524
2.34442
2.22014
-2.34677
-2.35254
-2.54145
-2.36538
2.22014
2.33488
2.33778
2.22014
2.22014
2.22642
-2.50731
-2.3463
-2.34183
2.22014
2.22014
2.22014
2.22014
2.22014
-2.22014
-2.22642
-2.34258
-2.53684
-2.36538
0.8
-2.33977
-2.36086
-2.53482
-2.22379
-2.22014
0.9
1
2.02777
2.01802
2.20135
2.17423
2.33211
2.36538
2.50123
2.34386
2.36538
2.54145
0.0945633
0.19265
0.296841
0.377766
0.00210908
2.34135
2.3412
-0.1
2.22014
2.22014
2.2249
2.22014
2.22014
2.22014
2.22014
-2.19654
-2.17123
-2.02878
-2.02637
-1.91062
-2.34023
-2.32748
-2.49598
-2.31534
-2.3661
-2.39744
-2.54967
57.5526
66.1561
0.0265418
14.6059
75.8374
85.3341
61.7538
61.5015
72.038
72.6044
94.089
95.2472
98.0641
96.5892
96.1008
69.8626
44.0069
38.8345
26.54
29.9234
-44.0995
-57.813
0.0833347
-13.3778
-26.3863
-70.5402
-81.1036
-57.5399
-45.9433
-59.762
-52.822
-44.5008
-50.8729
-111.835
-113.574
-114.884
-115.377
-61.2214
-70.2678
-0.2
-0.3
-0.403435
-0.5
-0.6
-0.7
-0.8
-0.89916
-1
-1.1
-1.2
-1.3
-1.4
-1.5
-1.76276
-1.49574
-1.8008
-1.90516
-0.111215
-0.00362394
0.1
0.414056
0.506142
0.809241
0.911945
1.00755
1.10183
1.60888
1.72478
1.80291
-2.21755
-2.2197
-2.22014
-2.22014
-2.22014
-2.22014
-2.22642
-2.22014
-2.22014
-2.31958
-2.31702
-2.32455
-2.22014
-2.22014
-2.22014
-2.22014
-2.22014
-2.22014
-2.22014
-2.22014
-2.22476
-2.22642
-2.22014
-2.22014
-2.22014
-2.22014
-2.22524
-2.22642
-2.22014
-2.22014
-2.22014
-2.22642
-2.22014
-2.225
-2.34509
-2.34823
-2.22014
-2.22642
-2.22559
-2.22287
-2.22141
-2.22014
-2.22014
-2.22014
-2.22014
-2.36538
-2.54145
-2.22014
-2.22642
-2.22014
-2.22014
-2.22014
-2.22014
-2.22014
-2.22014
-2.22014
-2.22014
-2.22014
-2.22491
-2.22642
-2.22642
-2.22014
-2.22014
-2.22014
-2.33155
-2.50254
-2.33371
-2.22014
-2.22014
-2.22642
-2.22487
-2.22642
-2.22014
-2.22014
-2.22014
-2.22014
-2.22014
-2.22044
-2.22363
-2.22579
-2.22642
-2.22014
-2.22014
-2.22014
-2.22642
-2.22014
-2.22014
-2.22014
-2.32983
-2.33129
-2.22014
-2.2252
-2.22481
-2.22834
-2.33912
-2.34098
-2.49775
-2.22014
-2.22014
-2.22014
-2.2171
-2.22014
-2.22014
-2.22014
-2.22642
-2.22014
-2.22014
-2.22521
-2.23087
-2.22735
-2.24277
2.50361
2.33179
2.32912
2.50022
2.34509
2.34511
2.22014
2.34209
2.22014
2.22014
2.22014
2.22014
2.22014
2.22642
2.22014
2.22014
2.22014
2.22014
2.22506
2.22642
2.22014
2.22014
2.32951
2.34273
2.22014
2.22014
2.22014
2.22469
2.22642
2.22635
2.34666
2.34794
2.51363
2.22591
2.22593
2.22834
2.22505
2.22014
2.22014
2.22642
2.22014
2.22014
2.22014
2.22014
2.22014
2.22014
2.22014
2.22014
2.22279
2.23966
2.54145
2.36538
2.34442
2.35254
2.51524
2.34422
2.51363
2.54145
2.36538
2.33246
2.34265
2.50735
2.53022
2.33369
2.33606
2.33769
2.33241
2.49488
2.22014
2.34272
2.32941
2.50119
2.54145
2.36538
2.3451
2.51531
2.22014
2.22014
2.51524
2.34509
2.54145
2.36538
2.34509
2.34509
2.34823
2.5055
2.34677
2.36538
2.54145
2.51524
2.35254
2.34442
2.36538
2.36538
2.34698
2.74993
2.47896
2.50012
2.76158
2.34484
2.33528
2.34669
2.319
2.31667
2.32023
-0.9
-0.997751
-1.09527
-0.8
-0.1
2.08167e-17
0.0975411
0.1
0.2
0.3
0.4
0.5
0.6
0.8
0.7
0.9
1.2
1.3
1.4
1.49473
1.591
1.59305
1.70058
1.80113
1.90523
2.03293
-1.2
-1.30468
-1.41297
-1.6018
-2.10135
-2.16835
-1.91207
2.22921
2.10178
2.16877
-2.17457
-2.12565
-2.34375
-2.54206
-2.3957
2.34686
2.36583
2.54145
2.51524
0.808246
0.904435
0.912001
0.641567
0.702306
1.20028
1.20066
1.29592
2.34384
2.32883
2.32484
2.3333
2.34422
2.53481
2.36117
2.33926
2.49425
-0.694061
-0.787476
-0.612531
-0.513209
-0.604555
0.316123
0.698838
0.597888
1.4933
1.29928
1.39203
-2.32477
-2.32876
-2.33854
-2.34224
-0.495267
-2.36538
-2.33601
-2.33768
-2.33163
-2.34071
-2.49862
-2.32919
-2.34509
-2.34607
-2.50719
-3.01137
-3.01137
-3.25371
-3.25681
-3.26477
-3.01137
-2.33454
-2.36538
-2.54145
-2.51524
-2.34509
-2.33264
-2.33187
-2.52115
-2.50597
-2.33477
-2.34358
-2.53736
-2.34069
-2.51524
-2.34823
-2.33698
-2.34509
-2.33845
-2.34509
-2.54145
-2.36538
-2.34823
-2.34219
-2.34066
2.34212
2.34299
2.53738
2.34698
2.34823
2.34422
2.36538
2.34509
61.0118
58.7029
49.214
51.3625
31.4057
45.9994
28.0005
40.6689
71.8507
66.9633
36.8244
24.9728
28.4778
-31.6716
-14.4958
-14.1071
6.03961e-14
-40.3377
-36.6828
-24.6163
-27.8517
-75.664
-66.0805
-71.8319
-67.5371
-96.0149
-98.0449
-84.0287
60.6312
50.2745
57.7975
-84.1974
-96.4014
-82.2635
-90.4128
-77.8028
82.182
77.5422
14.6699
13.3778
2.66256e-09
70.2114
-39.1397
-50.5022
-0.201311
-0.0796092
-0.806328
-0.6
-1.1133
-1.23265
-1.2117
-1.30494
-1.40604
-1.49495
-1.79486
0.204904
0.101874
0.289806
0.515938
0.761271
1.01925
1.20512
1.29554
1.5493
1.78046
-2.4933
-2.33094
-3.02139
-3.27998
-3.28768
-3.02199
-2.52642
-2.5068
-2.54255
-2.4934
-2.47595
-2.33282
-2.36538
-2.53649
-2.33652
-2.34572
-2.34952
-2.33477
-2.33534
-2.34698
-2.36538
-2.34406
-2.34596
-2.33567
-2.33893
-2.33628
-2.34677
-2.50549
-2.34189
-2.34362
-2.34159
-2.36538
-2.34509
-2.3412
-2.33293
-2.34103
-2.5327
-2.35156
-2.54145
-2.36545
-2.32569
-2.32308
-2.33721
-2.33019
2.33606
2.34151
2.3461
2.34823
2.34677
2.54145
2.33177
2.33459
2.50716
2.33534
2.52473
2.5095
2.54145
2.34724
2.33994
2.34103
2.35156
2.36538
2.34386
2.32657
2.33803
2.3379
2.53552
2.33466
2.3415
2.53353
2.35156
2.34746
2.34422
2.36538
2.34677
2.36538
2.54145
2.34509
2.34823
2.34509
2.51524
2.36538
2.34299
2.33698
2.33845
2.34677
2.35254
2.3222
2.3278
2.47428
2.33852
2.32433
2.31975
2.31743
2.32764
1.8783
-2.03276
-2.18055
-1.86885
-0.906212
-0.748984
-0.805803
-0.753511
-0.483016
-0.494556
-0.76278
0.390509
0.486096
0.589924
1.76175
1.71122
1.79378
1.86898
-1.50679
-1.2
-1.38477
-1.60319
2.47499
-1.81221
2.25678
2.27336
-2.25579
-2.27095
2.33735
-2.2545
2.54444
-0.990521
-2.34526
2.54145
-2.53717
-2.4774
-2.50625
-2.53013
-3.02402
-3.03201
-3.32403
-3.28271
-2.51524
-2.53748
2.75409
2.75701
2.53546
2.54177
2.54145
2.53738
3.02155
3.02461
3.32164
3.2763
2.39627
2.42709
2.01539
2.16086
-2.01264
2.37135
2.51747
2.04508
60.4073
52.4928
84.1705
45.0316
37.8022
36.7479
45.33
70.4986
66.4517
43.4471
33.3536
22.8221
11.526
1.06504e-08
-11.526
-22.8431
-33.6569
-43.8348
-57.2439
-48.8227
-51.6284
-60.2488
-52.6655
-60.6215
-70.4641
-72.0833
-66.6378
-72.0486
-72.1484
84.3979
83.3928
-23.0487
-25.319
-21.5391
-19.577
81.6982
75.7429
14.1744
37.0526
44.6413
30.5762
20.1806
17.5167
25.932
-60.2138
-68.2176
68.01
59.7987
50.9698
38.245
32.5372
2.35133
-1.853
-1.6149
-1.61965
-1.84134
-3.03917
-3.03765
-3.33701
-3.33068
-1.64456
-1.40045
-1.40281
1.83077
1.58002
1.60251
1.91381
-3.02438
-3.28028
-1.01142
-2.76189
-2.77372
3.01137
3.27429
-2.76361
3.01413
3.01579
3.27227
3.26434
2.54145
3.01137
3.01137
3.25229
3.26953
3.2918
3.02365
3.02021
3.27688
-3.03197
-3.01715
-3.27761
-3.32032
3.02669
3.02378
3.28646
3.28715
-2.53738
-3.01137
-3.24821
-3.26062
-3.01723
-3.01579
-3.0144
-3.25353
-3.25
3.27442
3.0164
3.02004
3.28317
1.02451
1.29999
-2.54145
-0.485397
-0.744341
3.01137
3.2487
3.25289
3.01137
-2.5323
-3.01137
-3.26136
-3.25419
-3.01137
-3.28161
-3.0211
-3.01508
-3.2581
-3.25626
-3.01499
-3.27356
-3.01137
-3.02268
-3.28695
-3.29223
-3.0184
-3.26383
-3.01065
7.4607e-14
-2.42935
-2.15222
-2.34864
3.01826
3.02778
3.32164
3.28752
-2.76576
-2.7689
-3.01137
-3.27426
-2.75407
3.02606
3.32164
3.28634
3.02506
3.01137
3.27257
3.01137
3.25117
3.04636
2.74896
2.92122
3.19052
1.34074
1.60132
1.31013
3.04433
3.03504
3.33075
3.30533
2.52145
2.31881
2.32665
2.442
0.1
-0.2
1.19726
1.19693
0.897993
0.906249
-0.198602
0.0884845
0.0852447
-0.203573
3.3377
3.03776
0.762987
0.741257
1.02318
1.02887
0.522391
0.757461
0.5231
1.30446
0.0984938
-0.119295
-0.116893
0.10935
-0.363798
-3.01389
-3.2671
-3.27419
-3.01776
-3.01344
-3.26216
-3.01137
-3.24896
-3.01137
-3.27059
3.02268
3.01657
2.76866
2.76555
3.27623
3.01137
3.01137
3.27779
3.01137
3.25841
3.26019
3.01137
2.75938
2.81973
2.9157
-2.50177
-2.04609
3.19391
3.46978
3.15672
2.95425
1.84061
2.73871
-2.73522
43.6291
36.8937
38.0917
44.6919
60.3443
57.3588
38.745
33.3262
27.6152
32.075
-38.8305
-33.1762
-38.1477
-44.629
-61.4494
-61.0982
72.228
-52.5495
-51.3663
-58.6957
-52.1563
-44.9492
-37.0579
-28.4005
-20.1515
60.1311
38.0335
44.7665
52.822
13.1593
2.54387
-1.97475
1.97803
1.57729
0.304881
0.0973014
2.76713
2.76674
3.0305
3.32104
2.76571
2.76286
2.76921
2.76524
2.76479
2.76792
2.76494
2.76524
2.75407
2.76374
2.76766
2.76488
2.76524
2.76431
3.01137
3.2506
2.76532
2.76944
2.75961
2.76015
3.01426
3.25892
2.7707
2.76949
2.76372
2.76773
2.76855
2.7651
2.76524
2.76467
2.76682
2.76038
2.75807
2.77009
2.76258
3.01268
3.27041
2.76014
2.76763
2.76494
2.76422
2.76925
2.76479
2.76524
2.76405
2.76597
2.74303
-2.75061
-2.76199
-2.76723
-2.76747
-2.76541
-2.76464
-2.75931
-2.76704
-2.75407
-2.76574
-2.76524
-2.76427
-2.76524
-2.76427
-2.76524
-2.77042
-2.76136
-2.76307
-2.76094
-2.76696
-2.76445
-2.76422
-2.76778
-2.76572
-3.02139
-3.28148
-2.76932
-2.76014
-2.76926
-2.76563
-2.76666
-2.75976
-2.76014
-2.76676
-3.01875
-3.27086
-2.76505
-2.76683
-2.76045
-2.76175
-2.76871
-2.76752
-3.33067
-3.02863
-2.77029
-3.02733
-3.3224
-2.75803
-1.39967
-1.19736
-0.9806
0.371658
0.639565
0.627765
0.632708
0.341415
0.367295
0.91305
1.19999
1.48714
1.72426
-1.23681
0.304384
0.306619
-1.48714
-0.592549
-0.609907
-0.377357
-0.360289
-0.115676
-2.76498
-2.75411
-3.02505
-3.29142
-2.75637
-2.72405
2.71852
-2.76881
2.51039
2.28866
2.43539
2.23596
-2.67161
-2.96184
-2.27516
-2.21714
2.6221
2.4779
-2.11798
-2.29712
-2.52946
-2.52131
-3.01137
-3.25082
-3.01137
-3.01491
-3.26008
-3.25388
3.01137
3.2551
3.26218
3.01137
3.01137
3.25974
3.11628
2.95884
2.71772
2.93533
-2.15617
-1.52853
-2.07375
-2.51514
24.5572
21.0584
14.4672
16.8453
2.11143
-2.10789
2.9375
-3.04737
-61.6588
-52.6726
-44.7666
-38.245
-41.7894
-51.9368
-45.2529
-37.6673
-28.9134
-19.6749
-9.92818
4.26016e-08
9.92818
8.55326
7.37032
6.81625e-07
1.70406e-07
19.6109
28.6252
2.1886
37.3827
49.0962
42.8316
38.5288
44.5979
45.0981
51.8989
17.4316
8.62914
-9.344
52.2699
-1.19998
-1.21788
-8.89419
8.41549e-14
-0.990176
1.49215
1.0833
0.439261
0.465838
0.852152
3.70869
3.64493
3.01715
3.02461
3.32164
3.01715
3.01721
3.01592
3.26793
3.26868
3.01137
3.01522
3.01616
3.02487
3.02449
3.29223
3.32164
3.02461
3.01589
3.01533
3.02194
3.03333
3.03362
-3.34616
-3.04117
-3.03655
-3.29193
-3.02746
-3.01137
-3.24757
-3.01137
-3.01261
-3.01137
-3.01715
-3.28084
-3.06557
0.510534
-0.807449
-1.01937
2.54504
2.66308
2.60008
2.5015
2.73284
-2.22698
-2.46065
-2.39293
-2.22164
-2.07852
-2.49116
-2.61843
-2.54726
2.13702
2.26662
2.51918
2.40012
-30.6744
44.9492
52.6378
52.0183
-3.24575
-0.987182
3.28392
3.27259
3.26906
4.14907
4.19017
3.6672
3.61511
3.28399
3.28191
3.26518
3.26454
3.33265
3.33051
3.2821
3.26885
3.27281
-0.830932
-1.02011
-3.33726
-3.33825
2.39394
-49.239
2.72038
2.89799
52.7428
-2.74213
-2.97868
-3.22525
1.60827
1.65485
1.23203
2.47755
-14.5399
-16.9185
-8.55326
-7.37032
-2.37347
-32.3605
-24.8292
-21.3161
-27.7953
-43.9358
-2.22743
-2.70606
-2.76474
-2.31161
1.72034
1.48517
2.41192
1.90379
0.105116
-0.197126
-0.19674
-0.199547
-0.499516
-0.800585
-1.13997
-1.48544
-1.74267
-18.2953
-15.699
-20.4944
-23.8693
-1.14937
-0.751195
-0.253836
-0.41776
-0.786475
0.293414
0.672791
-3.31093
-3.55797
-3.66624
-3.6952
-3.67455
-3.67105
-3.65872
-3.6566
-3.62961
-3.69635
-3.68654
-4.18187
-4.1759
-3.24724
-4.1509
-3.61787
-3.64814
-3.25232
-3.64202
-3.61528
-3.67124
-3.68526
-3.68528
-3.67805
-4.16922
-4.09747
-3.70751
-3.70848
-3.63658
-3.69941
-3.64579
3.30707
3.23318
4.08458
4.07838
4.66317
3.69336
3.71578
3.675
3.67539
3.67959
3.67874
3.68892
3.6773
3.62961
3.71098
3.69433
3.69196
3.71787
3.27221
3.67388
3.65371
3.67113
3.61818
3.63769
3.69967
3.69525
-44.6974
-44.7097
15.198
7.75404
-17.621
-2.37056
-2.17479
-1.91755
-3.16946
41.5097
3.6967
4.17401
4.15084
4.16775
3.69601
4.07341
4.16577
-3.69268
-3.61157
-4.0707
-4.15013
-3.19847
-2.97894
-2.74195
-4.07827
-4.11059
-4.67061
-4.69631
2.56805
2.7423
2.32911
5.80922
11.1755
13.0527
6.65398
-25.9566
-32.5372
-38.0335
-41.5057
-43.6169
-8.06808
8.03801e-14
21.9629
27.6789
32.1583
35.162
33.1814
-2.84786
-35.7551
-30.2473
-31.7983
-37.3914
-28.4276
-24.3468
-27.8822
-32.6368
-32.465
-27.6457
-27.5893
-32.3394
-25.8531
-27.0985
-2.54964
0.115118
0.469657
-0.477577
-0.78579
-3.70373
-4.1539
-4.10541
-4.7186
-4.16373
-4.17239
-0.0635376
-0.399521
-0.778851
3.67391
-3.69686
-3.67346
-4.07645
-4.14907
-4.19263
-4.18538
4.09352
4.18036
4.17491
4.17841
4.17611
4.17599
4.07481
4.1139
4.16595
4.05859
-3.64462
-4.17407
4.15982
4.16237
3.69334
3.67135
3.5422
0.856089
1.54995
1.20258
1.01245
-1.53619
-1.92693
-1.17556
3.22785
3.51256
-4.03825
-3.67639
2.75945
-3.32542
-3.13579
-3.50365
3.66337
-0.252487
-0.76993
-1.18881
-0.397843
-3.52672
-3.06335
-5.85927
-6.81502
-3.47957
-3.64131
-2.64162
-5.23124
-5.35245
-6.0714
-5.9948
-27.6789
-32.1544
-27.0992
-23.5454
4.16678
4.09428
0.652196
1.03415
1.43907
1.7828
4.09256
-4.03311
-4.05847
-4.11295
-4.06096
1.93418
-15.3581
-12.9726
-11.0478
-13.0934
-1.88032
2.92571
-4.34019
-4.7197
-4.3399
-4.02841
-2.98926
-1.59482
3.9738
-21.969
-15.4818
-13.2444
-6.92396
-35.1615
-36.8856
-38.0801
-38.1585
30.1548
29.4728
25.2097
26.399
31.1026
27.0435
27.6458
32.2168
-3.32393
-3.81538
-2.98443
-10.7395
-12.4819
-6.35281
-5.47791
2.7265e-06
6.35281
12.4251
18.0502
9.90351
6.80742
7.92515
11.5526
23.7157
28.6466
4.09544
4.17294
4.75181
5.37412
5.38534
4.75337
4.62383
4.69674
4.7283
4.72156
4.76113
4.71875
5.24739
5.24849
4.69844
4.69868
5.25123
5.34355
4.69734
4.17733
4.16478
5.29132
4.62643
4.11618
4.05051
-4.08502
-4.10566
-4.09639
-4.55494
-4.59789
-4.66195
-4.71833
-4.72173
-4.73657
-4.09074
-4.70873
-4.69815
-4.72229
-4.10716
-4.66577
-4.26968
-4.75346
-5.28893
-4.71727
-4.73294
0.287793
-0.0464725
-1.19809
-1.60255
-18.7588
-15.9548
-11.33
-0.887829
5.47791
1.0906e-05
-2.37659
-2.0254
-3.06593
0.395218
0.658824
0.217093
4.6743
4.61863
5.20382
4.6408
2.84196
2.81669
-4.0235
-3.59333
-2.03647
-2.28001
2.04724
3.51352
24.6845
20.3707
3.23919
3.25037
2.69906
21.3681
19.0804
21.1906
24.4283
4.084
4.74467
4.56125
4.00924
3.69754
3.72748
-4.75832
-4.73038
-5.44309
-5.42224
2.13367
2.40525
1.82502
3.79229
3.93523
4.70344
4.74257
4.70245
4.60556
4.58194
4.7068
15.4652
10.6808
-13.4692
-17.595
-9.22641
-4.72603
-3.08584
-3.52165
30.7926
28.3378
31.2733
2.11391
2.53621
2.97063
17.4638
4.72603
4.3624e-05
9.22548
13.4684
-2.39939
-2.07678
-2.60996
-9.91992
-8.53012
-5.28321
-4.70825
-5.24383
-23.7323
31.5936
27.5709
27.1071
23.5454
18.7588
6.41417e-14
-3.89662
-3.94095
-4.64835
-29.6484
-30.3694
-31.1953
-27.1347
-3.48108
-3.3999
-3.33551
3.26881
3.38247
2.23414
1.61518
1.13118
0.457254
2.57906
2.89788
-2.53963
1.08917
4.76405
6.09471
6.8837
6.91333
6.09883
5.36371
-6.18567
-5.31286
-5.20916
-4.63913
-5.3686
-4.76483
-5.25703
-5.2411
5.24594
4.65092
-4.71854
-5.25225
-5.26827
-5.38949
-5.34654
-5.35927
4.65592
-1.23747
-1.64942
-0.209917
-0.864651
-5.39805
-6.19642
-4.52882
-5.23954
-4.43413
4.55111
5.22649
4.32836
5.31293
5.37758
5.36126
5.26854
6.14288
6.06028
5.35391
6.01102
5.37691
6.0229
-23.5237
-23.4212
-6.36972
-6.56734
-7.29769
-7.41601
-3.09894
-3.60433
-3.9081
4.41958
4.21812
26.5294
27.2516
16.7283
14.7017
1.00675
1.53069
-4.0804
-7.92802
-20.8661
-11.5565
-15.1061
-17.9067
-20.3276
-22.0721
-23.0968
-23.1684
-26.4134
-22.6928
-19.9153
23.0223
19.91
15.8819
22.6997
23.2016
4.91829e-14
-6.01926
23.5415
3.20386
2.85441
2.1088
4.86243e-14
5.13743
-1.4334
-2.70603
-3.19196
-4.04063
-3.38227
-3.80888
-4.24826
5.39522
-6.00213
-6.17383
-6.06207
-19.6025
-19.6187
-6.27182
-6.14283
-6.03032
-5.29226
-5.95177
5.99686
5.94472
6.16794
5.39632
5.28296
5.26005
5.33477
5.25484
5.14538
5.78863
4.0804
0.000174496
-1.30141
-1.73723
-3.10972
-3.03166
-5.347
-4.43015
-5.14942
3.65378
3.76461
-3.91021
-4.15915
3.6999
-5.40628
-5.00609
3.4068
2.12546
2.95348
4.24629
4.47834
4.12092
16.9255
19.5817
5.95335
6.03462
7.18413
4.01158
-1.06532
-0.330522
-0.00818332
-1.08871
-4.32219
-5.13262
-9.67169
-8.37793
-16.6961
-14.431
-16.9243
-2.16746
-1.89351
-4.6868
-3.62032
-4.38404
4.66772
4.92261
-5.17265
22.9712
23.6922
23.6327
14.8205
12.7741
10.8896
12.5788
1.02634
1.05627
1.93204
1.72334
2.8496
2.79291
0.340263
0.387796
-6.05295
-6.00885
-5.55293
-18.8327
-17.3778
-14.8926
-16.0975
21.5232
18.6302
19.6749
19.8426
20.0416
-3.38829
-2.89335
-2.31978
-1.64354
-0.927458
-0.232112
0.468491
1.23888
13.6832
9.67522
-13.6816
-3.8317
2.4515
0.0395338
5.10772e-10
2.14646
1.26391
0.453509
1.16371
3.45217
-2.02515
-6.15693
-6.04566
-19.6504
-19.6632
-16.4119
-15.8292
-13.7125
-13.2903
6.05966
6.061
6.01883
6.16919
6.19856
6.18119
12.3235
11.01
10.7033
11.3758
7.09
7.04687
-7.15118
-7.23932
-7.14588
-7.12465
-6.19872
-7.1767
-7.2349
-7.01031
-8.41526
-7.99929
-5.98597
-7.05107
5.10323
6.12942
5.89306
0.000697985
3.52672
5.84526
8.46278
-0.346183
-0.395982
-1.21506
-1.24464
16.1975
17.1832
13.8878
17.2616
14.5558
9.69303
9.60961
6.93887
7.14237
7.13982
4.60912
-5.07549
-5.71668
4.04355
3.69828
2.34117
3.21667
3.46508
19.7862
18.5405
20.237
20.2676
16.8104
-18.6133
-9.77864
-9.5181
-11.0975
-11.4642
-19.916
-19.6407
0.572592
1.41471
6.25533
5.58689
5.90033
6.91525
16.7362
14.4426
11.6919
8.39097
4.35213
5.06107
7.53666
0.00480957
2.77279
2.04117
2.92889
-5.04662
-2.3592
-7.56527
-11.6804
-5.16915
-2.83797
4.93459
-12.2601
-10.1299
-3.88905
3.81396
3.12079
3.98822
4.84752
10.1239
4.77087
4.12097
-8.19571
-8.34965
8.16808
8.2939
-3.84787
6.97884
-7.20939
-11.676
-9.86602
-8.47158
-8.39402
6.97352
7.04027
7.16281
7.10865
6.91453
-7.23469
-7.17097
-8.1794
-8.18105
3.36014
2.41297
-5.78785
-2.52491
-4.94961
-14.2152
-5.99153
7.4898
5.36535
-16.8652
-8.42188
-8.39159
-9.57311
-9.68572
7.99696
8.02708
16.4523
13.8024
14.4824
17.0592
10.0174
9.84951
11.7863
11.851
15.8553
14.2177
-6.99831
-6.63216
-4.535
12.445
14.5653
8.97944
9.21341
8.19088
8.05419
11.047
3.06335
1.78654
0.386818
-0.0572307
2.11154
0.00279195
4.95318
2.55143
-5.36161
-7.35722
-9.2466
-10.4646
-11.681
-12.8487
-13.7993
-17.0363
-14.5638
-17.0289
17.3079
13.1032
12.0363
-6.70668
-6.59674
-5.22068
-13.1248
-12.0755
-10.6308
-8.90461
4.35008
6.44367
6.4859
8.23825
8.8863
5.29396
4.05169
12.3809
5.74109
5.36962
-16.9643
4.20028
4.90069
-4.72372
-5.03315
-5.92853
-4.71167
-4.36123
-6.27782
5.45225
10.6123
-1.04073
-0.263407
-1.92198
-3.77567
-3.84815
-4.99803
-1.95061
-0.129379
8.19503
9.66244
11.0501
10.8221
9.53851
8.10361
13.4476
8.29401
8.2696
-8.21192
-9.62508
-8.37929
-9.67298
-9.30283
-10.3078
-9.03173
-8.13211
-9.15721
8.36321
8.18276
9.3714
9.46612
4.96254
-6.84183
-7.63912
4.85997
3.96476
-8.16534
6.66951
7.48515
7.34981
6.47407
8.32475
10.2716
5.11893
0.0111678
-4.24268
-1.98361
-2.22557
-8.03901
-7.14305
-9.72676
-11.1529
-11.6305
-14.7582
-12.8325
-14.6678
-14.4343
-10.9813
-12.3066
-12.7195
-11.1724
-10.3022
-9.17468
-8.86126
-7.96031
-6.96945
-7.91561
-4.38881
-2.11497
8.6018
10.2118
9.17473
10.9266
9.60943
14.6432
1.6965
-5.85889
-4.91823
-3.72718
-6.46356
-5.80671
-6.61699
-3.45395
5.62989
1.1934
7.68433
7.29143
6.25897
-10.832
-9.54555
12.4813
9.68946
12.6065
8.55636
7.34721
8.32656
11.1251
-9.73318
-11.2462
-11.0219
5.79073
-5.87061
8.63255
7.84202
6.63852
7.01611
9.20508
6.22034
4.75534
4.0662
-12.8612
