0.5
0.502001
0.504402
0.507284
0.510742
0.514891
0.51987
0.525846
0.533016
0.54162
0.551945
0.564335
0.579203
0.597045
0.618455
0.644147
0.674978
0.711975
0.756371
0.809646
0.873576
0.950292
1.04235
1.14235
1.24239
1.33056
1.4
1.45
1.5
1.6
1.7
1.8
1.9
2
2.1
2.2
2.3
2.4
2.5
2.6
2.7
2.8
2.9
3
3.1
3.2
3.3
3.4
3.5
3.6
3.7
3.8
3.9
4
4.1
4.2
4.3
4.4
4.5
4.6
4.7
4.8
4.9
5
5.1
5.2
5.3
5.4
5.5
5.6
5.7
5.8
5.9
6
6.1
6.2
6.3
6.4
6.5
6.6
6.7
6.8
6.9
7
7.1
7.2
7.3
7.4
7.5
7.6
7.7
7.8
7.9
8
8.1
8.2
8.3
8.4
8.5
8.6
8.7
8.8
8.9
9
9.1
9.2
9.3
9.4
9.5
9.6
9.7
9.8
9.9
10
10
10
10
10
10
10
10
10
10
10
10
10
10
10
10
10
10
10
10
10
9.9
9.8
9.7
9.6
9.5
9.4
9.3
9.2
9.1
9
8.9
8.8
8.7
8.6
8.5
8.4
8.3
8.2
8.1
8
7.9
7.8
7.7
7.6
7.5
7.4
7.3
7.2
7.1
7
6.9
6.8
6.7
6.6
6.5
6.4
6.3
6.2
6.1
6
5.9
5.8
5.7
5.6
5.5
5.4
5.3
5.2
5.1
5
4.9
4.8
4.7
4.6
4.5
4.4
4.3
4.2
4.1
4
3.9
3.8
3.7
3.6
3.5
3.4
3.3
3.2
3.1
3
2.9
2.8
2.7
2.6
2.5
2.4
2.3
2.2
2.1
2
1.9
1.8
1.7
1.6
1.5
1.4
1.3
1.2
1.1
1
0.9
0.8
0.7
0.6
0.5
0.4
0.3
0.2
0.1
-4.44089e-16
-0.1
-0.2
-0.3
-0.4
-0.5
-0.6
-0.7
-0.8
-0.9
-1
-1.1
-1.2
-1.3
-1.4
-1.5
-1.6
-1.7
-1.8
-1.9
-2
-2
-2
-2
-2
-2
-2
-2
-2
-2
-2
-2
-2
-2
-2
-2
-2
-2
-2
-2
-2
-2
-2
-2
-2
-2
-2
-2
-2
-2
-2
-2
-2
-2
-2
-2
-2
-2
-2
-2
-2
-1.9
-1.8
-1.7
-1.6
-1.5
-1.4
-1.3
-1.2
-1.1
-1
-0.9
-0.8
-0.7
-0.6
-0.5
-0.4
-0.3
-0.2
-0.1
-2.22045e-16
0.1
0.2
0.3
0.4
0.5
0.6
0.7
0.8
0.9
1
1.1
1.2
1.3
1.4
1.5
1.6
1.7
1.8
1.9
2
2.1
2.2
2.3
2.4
2.5
2.6
2.7
2.8
2.9
3
3.1
3.2
3.3
3.4
3.5
3.6
3.7
3.8
3.9
4
4.1
4.2
4.3
4.4
4.5
4.6
4.7
4.8
4.9
5
5.1
5.2
5.3
5.4
5.5
5.6
5.7
5.8
5.9
6
6.1
6.2
6.3
6.4
6.5
6.6
6.7
6.8
6.9
7
7.1
7.2
7.3
7.4
7.5
7.6
7.7
7.8
7.9
8
8.1
8.2
8.3
8.4
8.5
8.6
8.7
8.8
8.9
9
9.1
9.2
9.3
9.4
9.5
9.6
9.7
9.8
9.9
10
10
10
10
10
10
10
10
10
10
10
10
10
10
10
10
10
10
10
10
0.499013
0.496057
0.491144
0.484292
0.475528
0.464888
0.452414
0.438153
0.422164
0.404508
0.385257
0.364484
0.342274
0.318712
0.293893
0.267913
0.240877
0.21289
0.184062
0.154508
0.124345
0.0936907
0.0626666
0.0313953
-6.12323e-17
-0.0313953
-0.0626666
-0.0936907
-0.124345
-0.154508
-0.184062
-0.21289
-0.240877
-0.267913
-0.293893
-0.318712
-0.342274
-0.364484
-0.385257
-0.404508
-0.422164
-0.438153
-0.452414
-0.464888
-0.475528
-0.484292
-0.491144
-0.496057
-0.499013
-0.5
-0.499013
-0.496057
-0.491144
-0.484292
-0.475528
-0.464888
-0.452414
-0.438153
-0.422164
-0.404508
-0.385257
-0.364484
-0.342274
-0.318712
-0.293893
-0.267913
-0.240877
-0.21289
-0.184062
-0.154508
-0.124345
-0.0936907
-0.0626666
-0.0313953
0
0.0313953
0.0626666
0.0936907
0.124345
0.154508
0.184062
0.21289
0.240877
0.267913
0.293893
0.318712
0.342274
0.364484
0.385257
0.404508
0.422164
0.438153
0.452414
0.464888
0.475528
0.484292
0.491144
0.496057
0.499013
-1.9
0.50101
0.498043
0.495468
0.500425
0.493109
0.477431
0.48623
0.425881
0.442011
0.439907
0.423853
0.345287
0.367693
0.365943
0.343643
0.319987
0.477431
0.466749
0.417323
0.438178
0.44653
0.425279
0.468981
0.456397
0.454224
9.9
-1.9
-1.9
8.7
8.8
9.9
9.9
9.9
9.79996
9.79996
9.9
8.4
8.5
7.2
7.3
6.8
6.9
6.4
6.4
6.5
6.5
4.2
4.2
4.3
4.3
3.7
3.8
3.2
3.3
1.6
1.6
1.7
1.7
0.213742
0.184799
0.155869
0.12544
0.124843
0.155127
0.0315209
-3.36103e-18
-0.155869
-0.185683
-0.184799
-0.155127
-0.213742
-0.319987
-0.343643
-0.367693
-0.388648
-0.386798
-0.365943
-0.498043
-0.50101
-0.459004
-0.456397
-0.468981
-0.47166
-1.9
-0.386798
-0.365943
-0.345287
-0.321518
-0.319987
-0.343643
-0.155127
-0.184799
-0.185683
-0.155869
-0.12544
-0.124843
0.0316717
0.0632183
0.0629174
0.0315209
0.208576
0.167858
0.178403
0.221679
0.0945155
0.0940656
0.155869
0.185683
0.184799
0.155127
0.214764
0.213742
1.4
1.3
3.9
4
5.8
5.7
6.3
6.2
6.2
6.3
6.9
6.8
6.9
6.8
0.876856
0.945117
0.908002
0.845975
-0.0956034
-0.101727
-0.152089
-0.142933
-0.456397
-0.468981
-0.466749
-0.454224
-0.3
-0.2
-0.0632183
-0.0945155
-0.0940656
-0.0629174
0.6
0.5
0.367693
0.345287
0.343643
0.365943
-0.569894
-0.605695
-0.580364
-0.54606
9
8.9
5
5
5.1
5.1
0.0940656
0.0629174
2
2.1
2.1
2
-0.521698
-0.51577
-0.518843
-0.524806
-0.425881
-0.40807
-0.406127
-0.423853
8.9
9
9
8.9
8.6
8.6
8.5
8.5
6.1
6
6
6.1
-0.828045
-0.882807
-0.916243
-0.859407
1.0201
1.0014
1.07069
-1.9
-1.9
2.1
2.2
2.2
2.1
1.58009
1.68475
1.68065
1.56303
8
8
7.9
7.9
-1.59988
-1.49984
-1.49984
-1.59988
0.406127
0.268986
0.295069
8.7
8.8
8.8
8.7
-1.79996
-1.79996
-1.69992
-1.69992
8.6
8.6
8.5
8.5
0.5
0.6
0.6
0.5
8.4
8.5
8.5
8.4
2.4
2.3
2.3
2.4
1.3
1.3
1.4
1.4
7.5
7.5
7.4
7.4
-0.97878
-0.972982
-1.03651
-1.04415
0.29648
0.321518
0.295069
4
4
4.1
4.1
1.04235
0.950292
0.682259
0.641932
0.627569
0.666993
9
9
8.9
8.9
1.7
1.7
1.8
1.8
9
9
8.9
8.9
1.79444
1.9
1.9
1.79375
6.2
6.1
6.1
6.2
3.6
3.5
3.5
3.6
-0.466749
-0.454224
-3.20924e-17
-0.0363682
-0.0374884
-2.78775e-17
-1.5
-1.5
-1.4
-1.4
0.6
0.7
-0.522168
-0.486223
-0.517367
-0.555615
2.6
2.5
2.5
2.6
8.9
9
7.1
7.1
7.2
7.2
3.6
3.7
3.7
3.6
0.49203
0.469557
0.440943
0.462047
1.2
1.2
1.3
3.2
3.3
3.3
3.2
0.625132
0.57645
0.614573
0.666474
8.8
8.8
5.4
5.3
-0.388648
-0.367693
-0.493109
9.1
9
5.9
5.9
5.8
1.69622
1.69967
1.61575
1.58521
1.8
1.7
1.7
1.8
2.2
2.2
2.3
9.2
9.3
9.3
9.2
-1.59988
-1.49984
-1.49984
-1.59988
-1.49984
-1.49984
-1.3998
-1.3998
-1.69992
-1.59988
-1.59988
-1.69992
8.1
8.2
8.2
8.1
4.5
4.6
4.6
4.5
3.2
3.1
3.1
1.59938
1.7
-0.108531
-0.144041
-0.148478
-0.111874
6.1
6.1
6.2
6.2
8.7
8.6
6.3
6.3
6.2
6.2
6.3
6.3
6.4
6.4
0.242998
0.214764
0.241841
9.3
9.4
9.4
9.3
2.6
2.7
2.7
2.6
1.6
1.5
1.5
1.6
9.9
3.9
4
4
3.9
3.9
4
4
3.9
-0.536711
-0.546602
-0.561002
-0.550851
-0.493109
-0.48623
-0.479715
-0.477431
4.4
0.0945155
0.0632183
9.9
9.9
-0.44653
-0.425279
-0.417323
-0.438178
-0.359718
-0.331706
-0.340444
-0.369195
-1.9
-1.9
9.9
9.9
9.9
0.495468
0.488555
0.48623
0.493109
9.7
9.6
-0.442011
-0.439907
8.5
-0.241841
-0.213742
0.442011
0.439907
-0.0651569
-0.0974138
-0.0964808
-0.0645329
-0.0651569
-0.0974138
-0.0985333
-0.0659057
0.185683
-0.425881
-0.442011
-0.439907
-0.423853
0.498043
-0.500425
-0.495468
-0.498043
0.386798
-0.502001
-0.503407
-0.504402
-0.268986
-0.295069
-0.48623
0.488555
0.479715
-0.124843
0.40807
0.388648
0.386798
0.406127
0.130772
0.129286
0.0974138
0.0985333
-0.0629174
-0.0315209
-0.406127
0.454224
0.466749
-0.241841
-0.268986
-0.0940656
-0.50101
0.423853
-0.0315209
0.268986
0.241841
0.642867
0.673635
-0.223894
-0.22135
-0.191377
-0.193576
0.319987
-0.345287
-0.295069
-6.22756e-17
-0.479715
-0.477431
-0.215991
-0.244386
-0.242998
-0.214764
-0.0945155
-0.503407
-0.488555
0.425881
0.50101
-0.29648
-0.0632183
-0.0316717
0.124843
0.388648
0.40807
0.12544
0.500425
0.503407
-0.270272
-0.242998
0.29648
0.270272
0.321518
-6.41848e-17
-0.40807
-0.495468
-0.500425
0.479715
0.503407
-8.13152e-18
-0.0316717
-0.488555
-0.270272
0.0316717
0.456397
-0.273669
-0.246051
-0.24805
-0.275892
-0.331377
-0.328203
-0.302645
-0.305571
-6.22332e-17
-0.0326429
-0.033018
-6.1149e-17
-0.43894
-0.455565
-0.451202
-0.434736
0.270272
-0.524602
-0.532024
-0.523573
-0.516268
-0.140343
-0.174388
-0.170559
-0.137262
0.0659057
0.0651569
0.0326429
0.033018
0.38855
0.364873
0.359965
0.383324
0.37783
0.402348
0.394822
0.370763
-0.551942
-0.541618
-0.540549
-0.550853
-0.519869
-0.51489
-0.513874
-0.518843
-0.525844
0.532024
0.523573
0.516268
0.524602
-0.41138
-0.434825
-0.425279
-0.402348
-0.38855
-0.383324
-0.359965
-0.364873
-0.383324
-0.40517
-0.410694
-0.38855
0.588179
0.567818
0.578282
0.599018
-0.524702
-0.510622
-0.524074
-0.538525
-0.475798
-0.460801
-0.467084
-0.482285
-0.468581
-0.456554
-0.44628
-0.494527
-0.48367
-0.46602
-0.476481
8.2
8.1
0.196215
0.193576
0.162495
0.16471
-0.033018
-1.60462e-17
-1.60462e-17
-0.0334682
0.033018
0.0334682
-0.669645
-0.663012
-0.632729
-0.639059
7.1
7.2
-0.302384
-0.271869
-0.2659
-0.295745
-0.244386
-0.215991
-0.214764
-0.156759
-0.186743
0.244386
0.271816
0.242998
-0.321518
-0.12544
0.281761
0.309083
0.305571
0.27856
0.494527
0.510622
0.524074
0.507556
0.503583
0.495584
0.506926
0.515109
-0.523189
-0.507556
-0.524074
-0.540217
-0.503583
-0.49007
-0.482285
-0.495584
2.9
3
3
2.9
0.524806
0.518843
-0.22135
-0.21923
-0.24805
-0.250449
-0.217463
-0.188016
-0.186743
0.246611
0.213217
0.219785
0.254207
0.340444
0.31035
0.31991
0.350931
0.470392
0.465887
0.451202
0.455565
0.483362
0.478733
0.468981
0.410694
0.40517
0.400566
0.39673
0.416555
0.420583
0.456554
0.434825
0.44628
0.468581
0.40517
0.383324
0.38855
0.410694
0.425417
0.420583
0.400566
0.359718
0.331706
0.324423
0.351821
0.339756
0.313298
0.309083
0.335186
-0.298174
-0.323355
-0.347259
-0.369794
-0.390869
-0.410401
-0.428314
-0.444536
-0.482455
-0.491346
-0.498298
-0.503283
-0.506282
-0.507283
-0.506282
-0.498298
-0.503283
-0.491346
-0.482455
-0.47166
-0.444536
-0.459004
-0.428314
-0.410401
-0.390869
-0.369794
-0.347259
-0.323355
-0.29648
-0.271816
-0.298174
-0.217463
-0.0950554
-0.126156
-0.0635795
-0.0318526
-9.6494e-18
0.0318526
0.0635795
0.0950554
0.126156
0.156759
0.186743
0.215991
0.244386
0.271816
0.298174
0.323355
0.347259
0.369794
0.390869
0.410401
0.428314
0.444536
0.459004
0.47166
0.482455
0.491346
0.498298
0.506282
0.503283
0.503283
0.506282
0.498298
0.491346
0.482455
0.459004
0.47166
0.444536
0.428314
0.410401
0.390869
0.369794
0.347259
0.323355
0.298174
0.246051
0.273669
0.186743
0.215991
0.156759
0.126156
0.0950554
0.0635795
0.0318526
-6.48353e-17
-0.0318526
-0.0635795
-0.0950554
-0.126156
-0.156759
-0.271816
-0.300206
-0.325559
-0.349626
-0.372314
-0.393533
-0.413198
-0.431233
-0.447566
-0.462132
-0.474875
-0.494695
-0.485744
-0.501694
-0.506714
-0.509733
-0.510741
-0.509733
-0.501694
-0.506714
-0.494695
-0.485744
-0.474875
-0.462132
-0.447566
-0.431233
-0.413198
-0.393533
-0.372314
-0.349626
-0.325559
-0.300206
-0.21923
-0.157828
-0.188016
-0.0957033
-0.127016
-0.0640128
-0.0320697
-1.23599e-17
0.0320697
0.0640128
0.0957033
0.127016
0.157828
0.188016
0.217463
0.246051
0.273669
0.300206
0.325559
0.349626
0.372314
0.393533
0.413198
0.431233
0.447566
0.462132
0.474875
0.485744
0.494695
0.501694
0.509733
0.506714
0.506714
0.509733
0.501694
0.494695
0.485744
0.462132
0.474875
0.447566
0.431233
0.413198
0.393533
0.372314
0.349626
0.325559
0.300206
0.24805
0.275892
0.188016
0.217463
0.157828
0.127016
0.0957033
0.0640128
0.0320697
-6.49437e-17
-0.0320697
-0.0640128
-0.0957033
-0.127016
-0.157828
-0.246051
-0.273669
-0.302645
-0.328203
-0.352467
-0.375339
-0.39673
-0.416555
-0.434736
-0.451202
-0.465887
-0.498714
-0.48969
-0.50577
-0.51083
-0.513874
-0.50577
-0.51083
-0.498714
-0.48969
-0.465887
-0.416555
-0.39673
-0.375339
-0.352467
-0.250449
-0.128048
-0.0323302
-1.19262e-17
0.0323302
0.0645329
0.0964808
0.128048
0.15911
0.189544
0.21923
0.24805
0.275892
0.302645
0.328203
0.352467
0.375339
0.451202
0.434736
0.465887
0.478733
0.48969
0.498714
0.50577
0.513874
0.51083
0.51083
0.513874
0.50577
0.498714
0.48969
0.434736
0.416555
0.39673
0.375339
0.328203
0.352467
0.302645
0.250449
0.189544
0.21923
0.15911
0.128048
0.0964808
0.0645329
0.0323302
-6.37511e-17
-0.0323302
-0.0645329
-0.0964808
-0.128048
-0.15911
-0.275892
-0.478733
-0.478733
-0.191377
-0.160648
-0.189544
-0.305571
-0.331377
-0.355875
-0.378968
-0.400566
-0.420583
-0.43894
-0.483362
-0.494425
-0.503537
-0.510661
-0.494425
-0.503537
-0.483362
-0.470392
-0.400566
-0.420583
-0.378968
-0.355875
-0.253327
-0.15911
-0.160648
-0.129286
-1.21431e-17
-0.0326429
0.0326429
0.0651569
0.0974138
0.191377
0.160648
0.22135
0.250449
0.305571
0.27856
0.331377
0.355875
0.378968
0.43894
0.455565
0.470392
0.483362
0.494425
0.503537
0.510661
0.51577
0.510661
0.51577
0.503537
0.494425
0.43894
0.378968
0.355875
0.331377
0.253327
0.191377
0.22135
0.160648
-0.129286
-0.193576
-0.162495
-0.460801
-0.443985
-0.455565
-0.256781
-0.285603
-0.281761
-0.27856
-0.27856
-0.425417
-0.470392
-0.488917
-0.500107
-0.51653
-0.510661
-0.51577
-0.509324
-0.51653
-0.40517
-0.425417
-0.189544
-0.0668043
-0.0998768
-0.0985333
-0.0659057
0.0985333
0.0659057
0.193576
0.162495
0.223894
0.443985
0.425417
0.500107
0.488917
0.509324
0.51653
0.521698
0.51653
0.521698
0.509324
0.443985
0.460801
-0.130772
-0.281761
-0.253327
-0.359965
-0.335186
-0.521698
-0.524806
-0.443985
-0.309083
-0.335186
-0.130772
-0.162495
0.253327
0.281761
0.518843
0.488917
0.500107
0.475798
0.359965
-0.196215
-0.16471
-0.309083
-0.431217
-0.467084
-0.475798
-0.509324
-0.528811
-0.531962
-0.495584
-0.506926
-0.500107
-0.488917
-0.450038
-0.431217
-0.410694
-0.313298
-0.339756
-0.132555
-0.0678827
-0.101489
0.129286
0.134695
0.101489
0.0998768
0.132555
0.285603
0.450038
0.431217
0.475798
0.523573
0.516268
0.524806
0.49007
0.503583
0.495584
0.482285
0.335186
0.364873
0.285603
0.313298
0.223894
-0.23061
-0.199383
-0.226946
-0.223894
-0.285603
-0.313298
-0.364873
-0.339756
-0.516268
-0.506926
-0.533014
-0.531962
0.130772
0.460801
0.467084
0.482285
0.431217
0.450038
0.256781
0.226946
0.132555
0.0668043
0.0334682
-0.0334682
-5.31259e-17
-0.132555
-0.0998768
-0.474623
-0.523573
-0.528811
-0.540549
-0.537347
-0.318355
-0.34524
-0.226946
-0.196215
-0.16471
-0.134695
0.0340084
-1.51788e-17
0.0668043
0.16471
0.196215
0.256781
0.499412
0.48367
0.474623
0.49007
0.528811
0.528811
0.531962
0.506926
0.467084
0.0998768
0.0340084
0.0678827
-0.0668043
-0.256781
-0.290213
-0.318355
-0.370763
-0.394822
-0.450038
-0.534602
-0.524928
-0.515109
-0.524602
-0.513183
-0.524928
-0.515109
-0.503583
-0.457303
-0.438178
-0.0691767
-0.103424
0.0346567
-1.38778e-17
0.226946
0.140343
0.105745
0.103424
0.137262
0.260926
0.23061
0.295745
0.290213
0.318355
0.402348
0.37783
0.370763
0.394822
0.531962
0.515109
0.499412
0.513183
0.44653
0.46602
0.457303
0.438178
0.339756
0.199383
0.23061
0.134695
0.101489
-0.134695
-0.101489
-0.34524
-0.37783
-0.402348
-0.457303
-0.532024
-0.537347
-0.542166
-0.54759
-0.550853
-0.534602
-0.542166
-0.536711
-0.474623
-0.49007
-0.44653
-0.417323
-0.394822
-0.37783
-0.370763
-0.290213
-0.260926
-0.23061
-0.235005
-0.199383
-0.203183
-0.167369
-0.0707295
-0.105745
-0.0340084
0.0678827
0.0691767
0.167369
0.199383
0.2659
0.34524
0.41138
0.386311
0.457303
0.524602
0.532024
0.537347
0.540549
0.537347
0.524928
0.510622
0.524702
0.474623
0.417323
0.425279
0.318355
0.34524
0.290213
0.295745
0.260926
0.2659
0.167369
0.170559
0.203183
0.137262
0.103424
-4.46691e-17
-0.0340084
-0.0346567
-0.0678827
-0.0691767
-0.167369
-0.235005
-0.203183
-0.260926
-0.324423
-0.510622
-0.494527
-0.48367
-0.499412
-0.295745
-0.324423
0.513183
0.524702
0.542166
0.534602
0.540549
0.542166
0.54759
0.0346567
0.0691767
-0.140343
-0.105745
-0.103424
-0.137262
-0.351821
-0.41138
-0.434825
-0.456554
-0.46602
-0.476481
-0.513183
-0.524702
-0.559881
-0.554335
-0.559881
-0.563218
-0.54759
-0.592331
-0.595861
-0.578056
-0.574631
-0.550851
-0.499412
-0.386311
-0.351821
-0.302384
-0.2659
-0.240281
-0.207744
-0.0346567
0.0707295
0.170559
0.203183
0.235005
0.271869
0.302384
0.46602
0.524928
0.554335
0.546602
0.54759
0.550853
0.554335
0.559881
0.534602
0.536711
0.524074
0.538525
0.48367
0.41138
0.324423
0.351821
0.302384
0.271869
0.235005
0.174388
0.207744
0.140343
0.105745
0.0354347
0.0707295
-3.64292e-17
-0.0354347
-0.0707295
-0.170559
-0.240281
-0.31035
-0.279031
-0.595861
-0.592331
-0.574631
-0.578056
0.476481
0.456554
0.550853
-0.31991
-0.287626
-0.386311
-0.359718
-0.44628
-0.422218
-0.489033
-0.538525
-0.563218
-0.564331
-0.546602
-0.504097
-0.523189
-0.507556
-0.489033
-0.396489
-0.422218
-0.31035
-0.271869
-0.246611
-0.213217
-0.0363682
-0.0354347
-1.99493e-17
-1.3516e-17
0.0354347
0.108531
0.0725928
0.178982
0.144041
0.174388
0.207744
0.240281
0.369195
0.396489
0.434825
0.489033
0.536711
0.568939
0.561002
0.559881
0.578056
0.563218
0.568939
0.574631
0.546602
0.550851
0.494527
0.476481
0.386311
0.369195
0.359718
0.331706
0.279031
0.240281
0.178982
0.148478
0.184495
0.144041
0.0363682
0.0725928
-3.20924e-17
-0.0725928
-0.174388
-0.207744
-0.331706
0.246611
0.279031
0.287626
0.254207
0.563218
0.578056
0.574631
-0.254207
-0.219785
-0.213217
-0.246611
-0.396489
-0.369195
-0.468581
-0.504097
-0.568939
-0.579199
-0.554335
-0.568939
-0.561002
-0.578282
-0.586464
-0.31991
-0.350931
-0.279031
-0.178982
-0.108531
-0.144041
-0.0725928
-0.0374884
-1.53524e-17
0.0363682
0.219785
0.184495
0.213217
0.31035
0.340444
0.422218
0.468581
0.44628
0.555113
0.538525
0.550851
0.586464
0.561002
0.523189
0.507556
0.489033
0.504097
0.422218
0.396489
0.380567
0.287626
0.111874
0.108531
-0.178982
-0.340444
-0.331381
-0.29794
-0.435223
-0.460027
-0.476522
-0.450829
-0.380567
-0.408701
0.380567
0.408701
0.460027
0.435223
0.504097
0.523189
0.54195
0.522173
-0.345147
-0.310316
-0.408701
-0.380567
-0.483015
-0.567818
-0.555113
-0.599018
-0.578282
-0.586464
-0.607494
-0.597039
-0.618448
-0.617228
-0.567818
-0.555113
-0.540217
-0.500335
-0.483015
-0.460027
-0.476522
-0.435223
-0.394214
-0.423357
-0.287626
-0.254207
-0.219785
-0.184495
-0.191111
-0.148478
-0.153802
-0.111874
-0.0748289
0.0388327
-1.53957e-17
0.0374884
0.0748289
0.111874
0.148478
0.31991
0.350931
0.394214
0.423357
0.483015
0.500335
0.476522
0.540217
0.575018
0.586464
0.578282
0.567818
0.555113
0.540217
0.476522
0.500335
0.483015
0.460027
0.435223
0.408701
0.160191
0.19905
0.191111
0.153802
0.0374884
-0.184495
-0.191111
-0.153802
-0.227666
-0.350931
-0.080732
-0.0775121
-0.0388327
-0.0404458
0.29794
0.331381
0.191111
0.227666
0.237123
0.19905
0.613571
0.617227
0.642867
0.639059
0.595861
0.592331
0.595861
0.592331
0.54195
0.522173
0.394214
0.363515
0.0748289
-0.0748289
-0.0388327
-0.0775121
-0.378615
-0.363515
-0.394214
-0.410589
-0.423357
-0.496317
-0.469557
-0.500335
-0.522173
-0.54195
-0.564463
-0.559588
-0.582834
-0.575018
-0.588179
-0.623902
-0.613571
-0.644138
-0.642867
-0.617228
-0.613571
-0.599018
-0.607494
-0.588179
-0.575018
-0.559588
-0.582834
-0.598905
-0.54195
-0.522173
-0.496317
-0.521119
-0.450829
-0.410589
-0.440943
-0.363515
-0.331381
-0.310316
-0.29794
-0.263322
-0.274261
-0.227666
-0.19905
-0.160191
-0.115886
0.0775121
0.080732
0.0404458
0.115886
0.153802
0.263322
0.310316
0.345147
0.363515
0.440943
0.410589
0.450829
0.521119
0.496317
0.564463
0.543864
0.559588
0.607494
0.613571
0.617227
0.607494
0.632729
0.639059
0.588179
0.575018
0.559588
0.564463
0.543864
0.450829
0.496317
0.423357
0.331381
0.29794
0.263322
0.227666
0.237123
0.274261
0.115886
0.0775121
0.080732
0.1207
0.0388327
-2.7864e-17
-0.0404458
-0.080732
-0.115886
-0.263322
0.632729
0.623902
0.598905
0.612612
0.641932
0.627569
0.599018
-0.440943
-0.521119
-0.543864
-0.591478
-0.610729
-0.598905
-0.612612
-0.653762
-0.642867
-0.639059
-0.632729
-0.623902
-0.612612
-0.627569
-0.610729
-0.564463
-0.543864
-0.520071
-0.54606
-0.469557
-0.378615
-0.345147
-0.237123
-0.208576
-0.167858
-0.1207
-1.17094e-17
0.0845958
0.0423815
0.1207
0.160191
0.248472
0.208576
0.274261
0.325168
0.361665
0.378615
0.469557
0.54606
0.520071
0.582834
0.663012
0.669645
0.623902
0.612612
0.653762
0.598905
0.582834
0.591478
0.569894
0.521119
0.520071
0.410589
0.378615
0.345147
0.310316
0.248472
0.287387
0.0845958
0.126476
0.0404458
-2.36085e-17
-0.0423815
-0.0845958
-0.1207
-0.160191
-0.19905
-0.248472
-0.237123
-0.274261
-0.287387
-0.669645
-0.673635
-0.462047
-0.43024
-0.520071
-0.49203
-0.649095
-0.628636
-0.627569
-0.641932
-0.674967
-0.673635
-0.653762
-0.663012
-0.641932
-0.569894
-0.49203
-0.52294
-0.552743
-0.396736
-0.43024
-0.361665
-0.287387
-0.248472
-0.126476
-0.0845958
-0.0423815
-1.17094e-17
0.126476
0.167858
0.287387
0.462047
0.43024
0.49203
0.591478
0.569894
0.610729
0.653762
0.673635
0.663012
0.669645
0.610729
0.54606
0.43024
0.396736
0.361665
0.325168
0.0423815
-2.36085e-17
-0.0956034
-0.101727
-0.0509641
-0.0478962
-0.126476
-0.167858
-0.208576
-0.396736
-0.52294
-0.491073
-0.711713
-0.715954
-0.591478
-0.711257
-0.668441
-0.644048
-0.685301
-0.462047
-0.491073
-0.0899103
-0.134422
0.396736
0.421659
0.384386
-0.235716
-0.280803
-0.298789
-0.250815
-0.325168
-0.666993
-0.704663
-0.694832
-0.761288
-0.762793
-0.811653
-0.810051
-0.71737
-0.715954
-0.711713
-0.694832
-0.704663
-0.682259
-0.666993
-0.628636
-0.649095
-0.617113
-0.656641
-0.457269
-0.421659
-0.325168
-0.178403
4.51028e-17
0.045044
0.0899103
0.280803
0.298789
0.250815
0.235716
0.345595
0.491073
0.52294
0.59167
0.555615
0.522168
0.556053
0.580364
0.552743
0.628636
0.649095
0.682259
0.694832
0.704663
0.580364
0.605695
0.491073
0.52294
0.384386
0.421659
0.0899103
0.045044
-0.045044
-1.35308e-16
-0.178403
-0.134422
-0.221679
-0.264081
-0.361665
-0.305441
-0.345595
-0.384386
-0.421659
-0.668441
-0.711257
-0.685301
-0.644048
-0.221679
-0.264081
0.178403
0.221679
0.694832
0.702324
0.649095
0.628636
0.434905
0.408725
0.367479
0.391017
9.9
2.3
2.4
2.7
2.6
2.5
9.2
9.3
9.9
9.9
9.8
9.7
9.6
9.9
9.9
9.9
8.5
8.6
2.4
9
9.1
9.9
9.9
9.9
9.9
2.1
2
1.1
1.2
-0.9
-0.8
-0.7
-0.6
7.8
7.7
7.7
7.8
7.6
7.9
8
-0.5
-0.5
-0.4
-0.4
-1.1
-1
9.9
9.9
-0.690196
-0.709227
-0.754656
-0.734406
8.6
5.8
5.8
5.7
5.7
5.6
5.7
5.8
5.3
5.4
5.5
-1.9
-1.9
-1.79996
-1.9
-1.79996
8.3
7.5
3.9
9.9
9.9
3.6
4.1
4.2
4.1
8.4
8.3
8.2
8.1
8.2
8.3
4.6
4.5
3.8
4.2
4.3
4.4
4.7
4.6
4.6
4.7
6.4
6.5
6.4
6.5
1
1
1.1
0.9
6.7
6.6
8.1
8.2
-1.9
-1.9
9.5
9.6
9.7
9.4
9.3
9.2
-1.3
9.1
9.2
9.1
-1.9
-1.9
-1.9
-0.1
-0.2
8.9
8.8
9.4
9.5
9.6
3.3
3.2
3.1
3.2
3.3
2.8
2.8
2.9
5.1
5
4.9
5
4.8
5.1
5.6
5.7
0.73713
0.72546
6
6.1
5.4
5.5
2.5
2.6
2.1
5.9
6
6.2
6.1
6.1
2.7
2.8
2.8
2.9
2.9
8
8.1
6.6
6.7
6.2
6.3
1.14144
1.23944
1.14235
1.326
1.3896
-1.9
-1.9
-1.9
-1.9
6.1
6
3.4
3.3
3.3
3.4
1.45001
1.51266
7.5
7.4
0.4
0.5
7.3
7.2
7.1
0.71295
0.70982
0.758086
0.753377
0.873576
0.950292
0.809646
0.712963
0.756371
0.708
7
3
3.2
3.1
3.1
3.2
5.2
7.6
7.8
7.7
7.6
7.7
3.7
3.4
3.5
3.6
3.8
3.8
9.9
9.79996
9.79996
3.4
3.4
3.5
3.5
9.9
5.8
5.9
2.7
2.6
8.6
8.5
7.1
9.9
9.8
9.8
7.4
7.5
-0.1
-4.26751e-16
-0.8
-0.9
-0.9
-0.8
9.5
9.4
8.7
4.8
4.9
5
5.1
2.6
2.7
6.7
6.8
6.9
6.6
6.7
6.7
6.6
6.5
6.5
-1.9
-1.9
6.4
6.5
7.3
7.4
7.5
7.2
7.1
-1.9
-1.9
-1.9
9.9
9.9
9.9
9.9
-1.9
-1.9
-1.9
3.5
4.8
4.8
4.7
4.7
7
6.8
4.6
4.6
1.7
1.8
1.59947
1.51231
7.9
3.7
3.7
3.8
3.8
1.41245
1.45148
1.50519
4.3
4.4
4.4
4.3
4.5
4.5
8.4
8.4
-1.79996
3.1
1.5
1.4
1.5
1.3
1.4
1.5
7.8
0.134422
0.448359
0.477078
0.517367
0.486223
0.345595
0.305441
0.552743
0.798974
0.773562
0.844204
-0.749282
-0.797276
-0.786153
-0.738829
-0.72546
-0.682259
-0.457269
-0.552743
-0.448359
-0.477078
-0.434905
-0.408725
0.457269
0.666993
0.605695
0.587742
0.625389
0.457269
-0.20185
-0.189699
-0.045044
-0.605695
-0.580364
0.72546
0.709227
0.754656
0.773513
0.486223
0.517367
0.477078
0.448359
0.264081
0.305441
-2.8276e-16
-5.84602e-16
-0.0899103
0.324782
0.367479
0.391017
0.345585
0.134422
0.264081
0.324782
0.345585
0.690196
0.668441
0.711257
0.734406
0.0956034
0.142933
0.152089
0.101727
-0.384386
-0.345595
-0.305441
-0.408725
-0.367479
-0.391017
-0.434905
9.9
-1.9
-1.8
-1.79996
-1.7
9.8
9.8
9.9
9.79996
9.8
-1.9
-1.79996
-1.6
-1.5
9.9
9.9
-1.4
9.3
0.873576
9.2
9.9
1.23953
1.32643
9.5
9.4
1.38774
9.79996
9.79996
1.8
9.3
9.4
9.9
9.1
8.7
8.6
9
8.9
8.8
8.7
8.3
8.2
8.3
8.1
8
7.8
7.7
9.79996
-1.8
-1.9
-1.79996
-1.9
-1.7
-1.6
-1.2
-1.3
-1.2
-1.1
0.1
0.2
0.3
0.8
7.9
1.2
7.7
7.6
7.4
7.5
7.4
7.3
7.3
-1.3
-1.2
-1.1
-1
-0.7
-0.6
-0.5
-0.4
-0.3
-2.31054e-16
0.1
0.2
0.3
0.4
0.7
0.8
0.9
1
1.1
1.2
1.6
1.7
1.8
1.5
1.9
2.2
2.3
2.4
2.5
2.8
2.9
3
3.1
3.2
-1.9
-1.79996
-1.9
-1.79996
-1.79996
-1.9
-1.79996
-1.9
-1.79996
-1.79996
-1.9
-1.9
-1.9
1.9
2
2.1
2.2
2.3
2.4
2.5
3.1
3.9
4
4.2
4.1
4.9
5.2
1.8
1.9
2
0.810118
0.74707
1.04235
1.41343
1.9
2
2.1
2.2
2.2
2.3
3.5
3.6
3.9
4
4.1
4.2
4.3
4.4
4.7
4.8
4.9
5
5.1
5.2
5.3
5.4
5.5
5.6
3
3.4
3.5
3.6
4.5
5.2
3
4.5
4.6
4.7
5.5
5.6
5.9
6
6.3
6.4
4.8
4.9
5
5.1
5.4
5.3
5.8
5.9
6.6
7
7.6
8.4
5.3
5.6
5.7
5.9
6
6.4
6.5
6.5
6.6
7
7.7
7.8
7.9
8
8.9
9.7
0.690196
0.734406
0.711257
0.668441
0.0478962
0.0509641
0.101727
0.0956034
-0.280803
-0.235716
-0.250815
-0.298789
0.235716
0.189699
0.20185
0.250815
2.1
2.1
2
2
0.522168
0.555615
0.59167
0.556053
0.587742
0.625389
0.656641
0.617113
2.6
2.5
9.3
9.4
5.6
5.5
5.4
5.3
3.3
0.744744
0.408725
0.434905
6.4
6.3
-0.142933
-0.189699
-0.20185
-0.152089
-0.324782
-0.345585
4
3.9
6.1
6.2
6.2
6.1
4.1
0.0478962
0.0509641
-0.690196
-0.734406
-0.754656
-0.709227
-0.72546
-0.771928
-0.786153
-0.738829
6.9
9.79996
-1.5
-1.6
9.79996
9.79996
9.6
9.5
1.8
1.9
2
2.1
9.79996
9.79996
9.4
9.3
9.2
9.1
6.6
6.7
6.7
0.77024
0.754656
0.709227
0.940985
0.919409
0.845431
0.863457
1.0364
9.69992
9.59988
9.59988
9.69992
2.5
9
2.6
2.7
1.24694
1.25916
1.14227
1.14217
9.79996
9.79996
9.69992
7.2
7.2
7.1
7.1
7
1.8
8.9
8.8
0.791036
0.827033
0.849915
0.80088
0.741578
0.739836
8.7
1.03665
1.14161
1.24701
9.79996
9.69992
9.79996
9.79996
9.69992
9.6
9.5
9.79996
9.79996
9.6
9.7
9.79996
9.79996
8.9
9
9
8.9
9.79996
9.79996
3.5
3.4
3.5
8
7.4
7.5
4.2
4.1
4.6
4.5
4.5
4.6
-1
-0.9
-0.8
5.2
5.1
-0.7
-0.6
-0.3
-0.2
-0.1
-9.36751e-17
0.1
0.2
0.3
0.4
5.7
5.7
5.8
5.8
5.7
0.5
0.6
0.7
0.9
0.8
0.8
0.9
7
6.9
6.9
7
1
7.9
7.8
9.79996
9.5
9.6
3.3
3.4
3.7
3.8
3.8
3.9
3.9
-1.2
-1.2
-1.1
-1.1
-0.5
-0.6
7.8
7.9
7.9
7.8
4.5
4.4
4.4
4.5
-0.2
-0.3
0.5
0.4
4.8
4.9
5
0.9
0.8
1.3
1.2
5.1
5.2
8.1
8.2
8.2
8.1
5.3
3
2.9
9.1
9.2
-1.79996
-1.79996
3.8
3.9
3.9
3.8
-1.69992
-1.69992
-1.59988
-1.59988
-1.79996
-1.79996
-1.69992
-1.69992
-1.79996
-1.79996
4.6
4.7
0.802571
9.79996
9.7
9.79996
9.69992
9.7
9.7
9.7
-1.7
9.79996
9.79996
9.69992
9.69992
9.79996
9.79996
-1.4
-1.3
9.79996
9.7
9.6
9.69992
-1
-0.7
-0.6
-0.5
-0.4
-0.1
-3.61268e-16
0.864342
0.1
0.2
0.3
-1.69992
-1.69992
-1.69992
0.6
0.7
1
1.1
-1.7
-1.79996
-1.69992
-1.79996
-1.79996
-1.79996
-1.79996
-1.79996
-1.79996
-1.79996
-1.79996
-1.79996
-1.79996
-1.79996
-1.79996
-1.79996
-1.79996
-1.79996
-1.79996
1.6
-1.6
1.9
2
-1.2
-1.1
9.5
9
8.9
8.8
8.7
2.1
2.2
2.3
2.4
2.5
2.6
2.7
2.8
3.1
3.2
3.6
3.9
4
4.3
4.4
8.6
8.5
8.4
8.3
8.2
9.69992
8.1
8
7.9
7.6
7.3
7.2
7.1
7
6.9
6.8
6.4
6.3
6.2
6.1
-1
-0.9
-0.1
1.38778e-17
0.1
0.3
0.4
4.7
4.8
4.9
5
5.3
5.4
5.5
5.6
6
6.1
6.2
0.6
0.7
1.1
5.8
5.5
5.4
3.3
3.4
3.5
3.7
4
6.3
6.6
6.7
6.8
6.9
7
7.1
7.2
7.3
7.4
7.5
7.6
7.9
8
8.1
8.2
9.4
9.1
8.3
7.4
7.3
7
6.6
6.5
6.4
6.3
6
5.9
6
5.9
5.5
5.4
5.2
5.3
5.2
5.1
5
4.9
4.2
3.6
3.5
3.4
2.8
2.7
2.4
2.5
2.4
2.3
2.3
2.2
2.2
1.9
9.5
9.4
9.3
9.2
9.1
8.8
8.7
8.6
8.5
8.4
8.3
8
7.7
7.6
7.5
7.4
7.3
7.2
7.1
6.8
6.7
6.6
6.5
6.4
6.3
6.2
6.1
6
5.7
5.6
5.5
5.2
4.5
4.4
4.3
4.2
4.1
4
3.7
3.6
3.5
3.4
3.3
3.2
3.1
3
2.9
2.8
2.7
2.6
2.5
2.4
2.2
2.3
2.1
2
1.9
1.8
1.69748
1.58986
0.942523
0.921384
0.644048
0.280803
0.142933
-0.367479
-0.486223
-0.522168
-0.556053
-0.587742
-0.617113
-0.756779
-0.761288
-0.756779
-0.749282
-0.587742
-0.556053
-0.448359
-0.324782
-0.0478962
-1.29611e-17
0.189699
0.644048
0.685301
0.656641
0.617113
0.788163
0.776617
1.14299
1.26092
1.33734
1.36291
1.44543
1.33751
1.50519
-0.477078
8
8.1
8
7.9
7.8
7.7
7.6
7.5
1.70469
1.8
9.69992
9.69992
9.59988
9.59988
9.6
9.5
1.50601
6.9
6.8
1.0201
6.7
6.5
6.4
9.69992
9.69992
9.59988
9.59988
9.69992
9.59988
-0.3
-0.4
5.8
5.6
5.1
5.1
5
5
-1.69992
-1.69992
-1.69992
-1.69992
-1.69992
-1.69992
-1.59988
-1.59988
-1.59988
-1.59988
-1.69992
4.9
4.9
1.2
1.1
1.4
1.3
4.8
4.7
-1.59988
-1.69992
-1.69992
-1.59988
4.6
4.5
4.3
4.4
-1.69992
-1.69992
-1.69992
-1.69992
-1.69992
-1.59988
-1.59988
3.8
-1.69992
-1.59988
9.2
9.1
9.2
9.1
9
9
8.9
8.8
-1.6
-1.5
-1.4
-1.3
2.9
2.8
2.7
2.7
2.8
2.6
2.9
2.8
3.1
3
3.2
3.2
3.1
1.9
1.8
1.44391
1.50441
8.3
8.4
4.2
4.2
4.3
4.3
9.2
9.3
8.5
8.6
8.3
8.4
9.69992
9.59988
9.59988
7.2
7.3
-0.555615
-0.517367
7.1
6.9
7
6.6
6.7
6.7
6.6
6.8
6.8
6.4
6.5
6.3
6.2
6.2
6.3
6.1
6.2
5.8
5.9
-0.8
-0.6
-0.5
-0.5
-0.6
-0.7
-0.656641
-0.625389
-0.4
-0.3
-0.2
0.2
4.8
4.7
5.1
5
6.5
6.6
8.7
1.5
1.6
1.9
5.7
5.5
5.6
5.1
5.2
5.2
5.1
5.6
5.5
5.5
5.6
2
2.1
-0.805253
-0.810051
2.5
2.4
2.6
2.8
2.9
3
3.6
4.1
4.2
4.3
4.6
4.7
4.2
4.3
4.8
4.9
5.2
5.3
6.9
6.8
7
7.3
7.2
-0.59167
-0.625389
3
3.1
2.7
2.8
8.8
8.6
8.6
8.5
8.7
8.3
8.3
8.3
8.2
9.69992
9.69992
9.69992
9.6
9.6
-1.6
-1.5
9.69992
9.59988
9.6
9.5
-1.69992
-1.59988
-1.69992
-1.59988
-1.59988
9.5
9.4
-1.69992
9.69992
9.69992
9.4
9.69992
9.69992
9.59988
9.69992
9.69992
9.69992
9.69992
-1.59988
-1.69992
-1.69992
-1.4
-1.3
-1
-0.9
-1.69992
-0.8
-0.7
-0.2
-0.1
-4.68048e-16
0.1
0.2
0.3
0.4
0.5
0.6
0.7
0.8
0.9
1
-1.69992
-1.69992
9.5
-1.59988
1.5
1.6
1.8
1.7
1.9
2
2.1
9.3
-1.5
-1.4
-1.3
-1.2
9.1
8.8
8.7
8.6
9.59988
9.59988
9.2
9.1
9
8.9
8.8
8.7
2.2
2.3
2.4
2.5
2.6
2.7
3.3
3.6
3.7
3.8
3.7
3.8
3.9
4
4.1
4.4
4.9
5.2
5.3
5.4
5.5
5.6
5.9
6
6.1
6.2
8.2
8.1
8
7.9
7.8
7.7
7.6
7.5
7.4
6.8
8.5
8.4
8.3
8
7.7
7.6
7.5
7.4
7.3
7.2
7.1
6.8
6.7
6.4
6.3
6.2
6.3
6
8.9
8.8
8.7
8.6
8.5
8.4
-0.9
-0.8
-0.7
-0.4
-0.3
-0.2
-0.1
0.2
0.3
0.5
0.7
0.8
1.4
1.5
1.6
1.9
2
2.1
2.2
2.3
2.7
2.7
2.8
2.9
3
3.5
3.6
3.7
4.4
4.3
4.3
4.4
4.7
4.8
4.9
6.1
6
5.9
5.8
5.7
5.4
5.3
5
4.9
4.8
4.7
4.6
4.5
4.4
4.1
4
3.7
3.6
3.5
3.4
3.3
3.2
2.9
2.8
2.8
2.7
2.7
2.6
2.5
2.4
2.1
2
1.9
5.2
5.3
5.4
5.5
5.6
6.3
6.4
6.5
6.6
6.7
7.1
7.4
7.5
7.6
7.7
7.8
7.9
8
8.1
8.2
8.3
9.59988
9.6
8.4
7.6
7.5
7.4
7.3
7.2
7
6.9
6.8
6.7
6.6
6.1
6
5.7
5.8
5.7
5.6
4.8
3.7
3.8
3.7
3.5
3.4
3
3.1
3
2.6
2.5
2.2
2.1
2
1.9
1.8
1.69929
0.824077
0.797788
0.744573
0.709136
0.665839
0.699112
0.629939
0.214905
0.267037
0.284402
0.22888
0.20185
-1.21431e-16
0.0542605
-3.1385e-16
-0.0509641
-0.183768
-0.197061
-0.256895
-0.243894
-0.417568
-0.446841
-0.503709
-0.472463
-0.345585
-0.625132
-0.671346
-0.630018
-0.586649
-0.715744
-0.76219
-0.714911
-0.699112
-0.729626
-0.797276
-0.805253
-0.771928
-0.837002
-0.821856
-0.859407
-0.916243
-0.882807
-0.828045
-0.59167
-0.391017
-0.303058
-0.320392
-0.256596
-0.243894
0.152089
0.298789
0.685301
1.61734
1.36121
1.40464
1.40424
1.60791
1.69386
1.59203
1.51721
1.31746
1.40683
1.31719
1.50035
9.3
9.4
9.4
9.3
1.32044
9.59988
9.59988
9.59988
9.49984
9.49984
9.49984
9.49984
3.5
3.6
3.2
3.3
-1.59988
-1.59988
-1.59988
-1.59988
2.5
2.4
2.4
2.5
2.2
1.0014
0.935929
0.757261
0.729626
0.773095
0.2
0.1
1.1
1
1.5
1.6
-1.59988
-1.59988
-1.59988
-1.59988
7
6.9
6.9
7
1.22358
7.7
7.6
7.6
7.7
-1.1
0.214905
0.267037
-1
8.8
8.8
8.7
8.7
9
8.9
8.9
9
9.49984
9.59988
9.59988
9.49984
9.2
9.3
9.3
9.2
3.4
3.3
9.1
9
8.9
4.5
4.4
5.6
5.6
5.7
7.8
7.8
7.9
6.2
8.6
8.7
7.7
0.361025
0.338801
0.284402
0.303058
7.2
7.3
7.3
7.2
6.3
6.2
1.40721
1.32174
5.5
5.4
5.3
-0.963344
-0.972982
-1.03647
-1.02254
5.2
1.37739e-16
0.1
4.7
4.6
4.5
0.4
0.5
0.6
0.9
1
1.1
1.1
1.2
4.4
4.3
4.3
4.4
4.2
4.1
2.2
2.3
2.4
3.6
3.6
3.5
3.1
3.4
3.8
3.9
3.9
4
4
2.8
4.1
4.2
4.5
2.3
4.7
4.8
0.879865
0.879982
9.59988
9.49984
9.5
-1.59988
-1.49984
-1.5
-1.4
9.49984
9.4
9.3998
9.49984
-1.49984
9.2
9.5
9.4
9.5
9.5
9.5
9.4
9.4
-1.3
-1.2
-1.1
-1
-0.9
-0.8
-0.7
-0.6
-0.5
9.3
9.2
9.1
8.8
8.5
8.4
8.3
8.2
8.1
8
7.9
7.8
7.7
7.6
7.5
7.4
7.3
7
6.9
9.1
9
8.9
8.8
8.7
8.6
-1.49984
-1.59988
-1.59988
8.5
8.4
8.3
8.2
8.1
8.1
8
8
7.9
7.8
7.7
7.6
7.5
7.4
7.1
7
6.9
6.8
6.7
6.6
6.5
6.4
6.3
6.2
-0.4
-0.3
-0.2
-0.1
-5.9501e-16
0.3
0.4
0.5
0.6
0.7
0.8
0.9
1.2
1.3
1.4
1.5
1.6
1.9
2
2.1
6.1
6
5.9
5.8
5.7
5.6
5.5
5.4
5.3
5
4.9
4.6
4.5
4.4
4.3
4.2
4.1
4
3.9
3.8
3.7
3.4
3.1
3
2.9
2.6
2.3
1.9
1.8
6.1
6
-1.1
-1
-0.9
2.2
2.3
2.4
2.5
2.6
2.7
2.8
2.9
3
3.5
3.6
3.9
4
4.1
4.6
4.7
4.8
4.9
5
5.1
5.2
5.3
5.4
5.5
5.9
6
6.1
0.6
0.7
1.6
1.7
1.8
1.9
2.1
2.2
2.7
2.8
3
3.1
3.2
3.2
3.3
3.3
3.8
4.1
4.2
4.6
4.5
4.6
5.1
5.2
6.5
6.6
6.7
6.8
7.1
7.2
7.3
7.4
7.5
7.8
7.9
8
8.1
8.2
5.9
5.8
5.7
5.4
5.4
9.1
8.6
7.7
7.4
7.3
7.1
6.6
6.5
6.3
6.2
5.9
5.6
5.5
5.4
5.3
4.8
4.7
4.2
3.8
3.7
3.2
3.1
2.9
3
2.9
2.4
2.2
2.1
9.59988
9.59988
9.59988
9.59988
0.757261
0.729626
0.699112
0.665839
0.629939
0.591552
0.55083
0.507935
0.463035
0.416308
0.367937
0.318115
0.161926
0.108307
0.0542605
-8.84709e-16
-0.0542605
-0.108307
-0.161926
-0.214905
-0.267037
-0.318115
-0.367937
-0.416308
-0.463035
-0.507935
-0.55083
-0.591552
-0.629939
-0.665839
-0.699112
-0.729626
-0.757261
-0.781907
-0.803467
-0.848844
-0.857336
-0.862445
-0.86415
-0.862445
-0.857336
-0.848844
-0.837002
-0.821856
-0.803467
-0.781907
-0.757261
-0.665839
-0.629939
-0.591552
-0.55083
-0.507935
-0.463035
-0.416308
-0.367937
-0.318115
-0.267037
-0.214905
-0.161926
-0.108307
-0.0542605
0.108307
0.161926
0.318115
0.367937
0.416308
0.463035
0.507935
0.55083
0.591552
0.84284
1.70054
1.60791
0.935972
1.14764
1.14763
1.07068
1.22972
1.51693
1.79994
0.908621
0.878688
0.949434
0.87452
0.830731
0.97979
1.0449
1.06055
0.670901
0.630018
0.671346
0.714911
0.812094
0.871205
0.829637
0.777071
9.49984
3.4
-1.3
-1.2
3.5
3.6
9.49984
9.49984
3.7
9.2
9.3
9.1
-0.8
-0.9
4.7
4.8
4.9
8.8
8.8
5.3
0.0615796
0.122916
0.135293
0.068925
-0.0615796
-0.0656521
-0.134288
-0.122916
-0.0577888
-5.6205e-16
-8.27038e-16
8.3
8.2
7.7
7.8
6.6
6.5
7.3
7.4
7
6.9
7
7
6.9
6.9
8.6
-1.49984
-1.49984
-1.3998
-1.3998
-1.49984
-1.49984
-1.3998
-1.3998
-1.49984
8.3
8.4
8.4
8.3
-1.71738e-15
-2.17337e-15
0.0656521
0.0615796
-1.49984
-1.49984
-1.49984
0.183768
0.11535
0.172455
8.2
-1.49984
-1.49984
-0.0577888
-1.32359e-15
5.7
5.8
-0.472463
-0.503709
-0.446841
-0.417568
7.8
7.9
9.49984
9.49984
6
6.1
-0.2
-0.3
8.4
8.2
8.3
0.1
-6.93897e-16
0.3
0.4
0.4
0.3
0.7
0.6
7.6
7.5
1.4
1.4
1.9
1.8
5.8
5.9
5.9
5.8
1.23048
1.14682
1.14071
1.2346
1.24232
1.33736
7.2
7.1
0.417568
0.472463
0.503709
0.446647
5.4
5.5
6.9
6.8
6.7
4.8
4.9
4.2
4.1
4.1
4.2
6.4
-0.932716
-0.991749
-0.97215
-0.911846
6.1
9.49984
3.4
3.5
6
6
6.1
5.7
5.9
5.8
5.6
5.5
2.2
2.3
4.9
4.9
4.8
5
-0.904041
-0.913086
-0.8
-0.7
-0.6
-0.5
-0.4
-0.3
-0.2
-0.1
1.17961e-16
0.1
0.2
0.3
0.4
4.1
4
-0.932716
-0.949904
-0.891429
-0.875298
3.9
3.4
3.3
3.7
3.6
1.14473
5.1
5
2.5
2.4
2.4
2.3
2.3
0.8
0.9
1
1.3
1.4
1.5
2
9.3998
9.3998
-1.4
-1.4
-1.49984
-1.3998
9.4
9.49984
9.3998
9.4
9.4
-1.3
-1.2
-1.1
9.2
-1
-0.7
-0.6
-0.5
-1.49984
-1.3998
9.3998
9.1
8.8
-1.3998
-1.3998
-1.49984
-1.3998
-1.3998
-1.3998
-1.3998
8.7
8.6
-1.3998
-1.3998
-1.49984
-1.49984
-1.49984
-1.49984
-1.49984
-1.49984
-1.49984
-1.49984
-1.49984
-1.3998
-1.3998
-0.4
-0.1
0.2
0.5
0.8
0.9
1
1.1
1.2
1.3
1.7
2
2.1
2.2
2.3
2.4
2.5
2.6
2.7
2.8
2.9
3
3.1
3.2
3.3
3.4
3.5
3.8
3.9
4
4.1
4.2
4.3
4.4
4.5
4.6
4.7
4.8
4.9
5.2
5.3
5.4
5.5
5.8
5.9
6
6.4
6.3
6.7
6.8
7.1
7.2
7.3
7.4
9.3998
9.3998
8.5
8.4
9.49984
9.49984
9.49984
9.49984
8.8
8.7
8.5
8.4
8.1
7.7
7.6
7.5
7
7.1
7
6.5
6.4
6.3
6.2
5.9
5.8
5.4
5.3
5.2
5.2
5.1
5.1
4.7
4.1
3.5
3.4
3.2
3.1
2.5
2.2
2.1
2
2
9.3
9.2
7.5
7.8
7.9
8
8.1
8.5
8.6
8.7
-0.9
-0.8
-0.1
-1.23429e-16
0.5
0.7
0.8
1.3
1.4
2
2.1
2.6
2.7
2.9
3.6
3.7
4.6
4.7
4.8
4.9
5
5.6
5.7
5.9
6
6.1
7
7.1
7.2
7.5
7.6
7.5
7.6
7.9
8
8.1
8.1
8.2
9.1
9
8.9
8.5
8.4
8.3
8.2
7.7
7.6
7.5
7.4
7.1
7
6.9
6.8
6.7
6.6
6.5
6.4
6.3
6.2
5.7
5.6
5.3
5.2
5.1
5
4.7
4.6
4.5
4.4
4.3
4
3.9
3.8
3.7
3.6
3.3
3.2
3.1
3
2.9
2.6
1.9
1.9
1.9
1.79464
1.79994
1.69449
0.905479
1.06049
0.979689
1.59204
0.812435
1.4979
1.48533
1.40614
0.777071
0.744573
0.709136
0.586649
0.540964
0.493144
0.443379
0.391863
0.22888
0.172455
0.11535
0.0577888
-0.11535
-0.172455
-0.22888
-0.284402
-0.338801
-0.391863
-0.443379
-0.493144
-0.540964
-0.586649
-0.630018
-0.670901
-0.709136
-0.744573
-0.777071
-0.806503
-0.832751
-0.855713
-0.875298
-0.891429
-0.904041
-0.913086
-0.918527
-0.920343
-0.918527
-0.887378
-0.942835
-0.97215
-0.911846
-0.855713
-0.832751
-0.806503
-0.777071
-0.744573
-0.709136
-0.670901
-0.540964
-0.493144
-0.443379
-0.391863
-0.338801
-0.284402
-0.22888
-0.172455
-0.11535
0.0577888
0.243894
0.303058
0.321597
0.258264
0.338801
0.391863
0.443379
0.493144
0.540964
0.586649
0.630018
0.670901
1.57765
1.47543
1.45884
9.3998
9.3998
9.3
9.2
0.197328
4
4
3.9
3.9
-1.3
-1.2
-1.1
-1.1
-1
-1
0.79396
1.68545
-1.3998
-1.29976
-1.3998
-1.29976
-1.29976
-1.29976
-1.3998
-0.793415
-0.755654
-0.805628
-0.845887
5.5
5.6
5.5
-1.3998
-1.3998
-1.3998
-1.3998
-1.29976
-1.29976
-0.3
-0.4
-0.4
-0.3
6.1
6
0.6
0.5
0.5
0.6
2.7
2.8
0.76219
0.715744
0.525494
0.560246
5.7
5.6
-0.525494
-0.560246
-0.614573
-0.57645
0.183768
0.197744
0.257468
0.243894
6.9
6.8
9.3998
7.9
8
8.5
8.6
0.625132
0.666474
0.614573
0.57645
0.525494
0.560246
7.4
7.4
7.3
7.3
8.3
8.2
7.4
7.2
7.2
7.1
7.3
6.9
6.8
6.7
6.6
5.7
5.8
5.7
5.7
-0.57645
-0.614573
-0.560246
-0.525494
5
4.7
4.6
4.4
4.3
-0.671346
-0.625132
4.2
3.8
3.7
3.6
3.3
3
5
4.9
4.9
5
2.9
2.8
-0.793415
-0.845887
-0.805628
-0.755654
9.3
9.2
9.1
9
9.1
-1.09418e-15
8.7
8.6
8.5
-1.00685
-0.949904
-0.97878
-1.04351
-0.980715
1.9
2
1.9
3.1
3.2
0.949032
9.3998
9.29976
9.3
-1.3
-1.3998
-1.29976
9.3
9.3
9.3998
9.2
9.3
-1.2
-1.1
9.2
9.1
-1
-0.9
9.2
-0.8
-0.7
-0.6
-0.5
-1.29976
-1.3998
-1.3998
-1.3998
-1.29976
-1.29976
-1.29976
9.1
8.8
8.7
9.29976
9.29976
9.3998
8.4
9.2
9.1
9
8.9
8.8
9
8.9
8.6
8.5
8.4
8.3
-0.2
-0.1
-7.00828e-16
0.1
0.2
0.7
0.8
0.9
1
1.1
1.2
1.3
9.3998
9.3998
8.2
8.1
7.8
7.7
7.6
7.5
7.2
7.1
7
6.9
6.8
6.7
6.6
6.5
6.4
6.3
6.2
6.1
6
5.6
7.8
7.9
7.8
7.7
7.3
7
6.9
6.8
6.7
6.6
6.4
1.7
1.8
1.9
2
2.1
2.2
2.3
2.4
2.5
2.6
2.9
3
3.1
3.2
3.3
3.4
3.5
3.6
3.7
3.8
3.9
4
4.1
4.2
4.3
4.4
4.5
4.6
4.7
4.8
4.9
5
5.1
5.2
5.3
5.4
5.5
5.8
5.9
6
5.5
5.4
5.3
5.2
5.1
5
4.9
4.8
4.7
4.6
4.5
4.4
4.3
4.1
4.2
4
3.9
3.8
3.7
3.6
3.5
3.4
3.3
3.2
3.1
3
2.9
2.8
2.7
2.6
2.5
2.4
2.3
2.2
2.1
2
1.9
8.9
8.8
8.7
8.4
8.3
8
7.9
7.8
7.7
7.4
7.3
6.9
6.8
6.7
6.6
6.5
6.4
6.3
6.2
6.1
6
5.9
5.8
5.4
5.3
5.2
5.8
5.7
5.3
5.2
5.1
5
4.9
4.8
4.4
4.3
4.2
4.1
3.8
3.1
3
2.9
2.8
2.7
2.6
5.1
5
4.5
4.4
4.3
4.2
4.1
3.8
3.5
3.4
3.3
3
2.9
2.8
2.5
2.4
2.3
2.2
1.8
1.7
1.6
1.5
1.2
1.1
1
0.9
0.4
0.3
0.2
0.1
-0.2
-0.3
-0.4
-0.5
-0.6
-0.7
6.5
6.6
6.7
7
7.1
7.2
7.3
7.4
7.5
7.6
7.7
7.8
7.9
8
8.1
8.2
9.3998
9.29976
9.29976
9.29976
2
1.7944
0.794298
0.755654
0.472463
0.417568
0.122916
-0.0615796
-0.122916
-0.183768
-0.361025
-0.666474
-0.714911
-0.887378
-0.963344
-1.02392
-0.361025
-0.303058
0.361025
0.671346
0.714911
0.755654
1.02512
1.13443
1.26134
1.40483
1.32667
1.04476
1.14034
1.23431
1.31416
0.947147
0.76219
0.715744
0.813888
0.763439
5.6
5.5
5.4
-0.9
-1
-1.19972
-1.19972
9.1
-0.7
-0.8
4.5
-1.29976
-1.29976
-1.29976
-1.29976
-1.29976
3.9
3.8
-1.29976
-1.29976
-1.29976
-1.29976
3.6
3.5
3.7
-1.29976
-1.29976
3.7
3.6
3.4
3.3
-0.384901
3.2
9.1
9.2
8.1
8
8.7
8.7
8.8
2.5
8.7
8.8
2.4
2.3
0.32179
0.384901
-8.09448e-16
-0.1
0.2
0.1
4.7
4.8
0.3
0.4
0.400941
0.303851
0.407043
0.404334
0.499836
0.49611
1
0.9
3.3
3.4
6.5
6.4
6.4
6.5
5.8
5.8
5.7
5.7
5.9
5.9
2.5
2.6
6.5
6.1
6
5.9
3.3
3.2
5.1
5
5.3
5.2
-0.2
-0.1
5.3
5.4
4.2
4.3
4.3
3.5
3.6
-1.007
7
6.9
6.9
7
8.6
8.7
8.4
8.5
7.3
7.2
7.4
7.4
7.5
7.5
9.2
9.1
-1.2
-1.1
9.29976
9.29976
9.2
-1.2
-1.29976
-1.19972
9.29976
9.19972
0.846275
9.19972
-1.29976
-1.19972
9.29976
9.2
9
8.9
-1.1
-1.19972
-1.19972
-1.20269
-1.18701
9.29976
-0.6
-0.5
8.7
8.6
8.4
8.3
8.2
7.6
7.7
7.6
7.3
7.2
6.7
6.6
6.5
6.4
-1.29976
-1.29976
-1.29976
9
8.9
8.8
8.3
8.2
8.1
8
7.9
7.8
7.7
7.6
8.6
8.5
8.4
8.3
8.2
8.9
5.6
5.5
3.5
3.4
3.3
2.8
2.7
2.5
2.4
-0.2
-0.0939958
2.95691e-06
0.197094
0.497699
0.7
0.8
1.1
1.2
1.3
1.4
9.29976
1.7
1.8
1.9
2
2.1
2.2
2.3
2.4
2.5
2.6
2.7
2.8
2.9
3
3.1
3.4
3.7
3.8
3.9
4
4.1
4.2
4.3
4.4
4.5
4.6
4.7
7.5
7.4
7.3
7.2
7.1
6.8
6.7
8.1
8
7.9
7.8
7.7
7.6
7.5
7.3
7.4
7.2
7.1
7
6.9
6.8
6.7
6.6
6.5
6.4
6.3
6.2
6.1
6
5.6
6.6
6.5
6.4
6.3
4.8
4.9
5.4
5.5
5.6
5.7
5.8
5.9
6
6.1
5.5
5.2
5.1
5
4.9
4.8
4.7
4.6
4.5
4.4
4
3.9
3.8
3.7
3.4
3.3
3.2
3.1
3
2.9
2.8
2.7
2.6
2.5
2.4
2.3
2.2
2.1
2
1.9
6.2
5.9
6.2
6.3
6.4
6.5
6.6
6.7
6.8
7.1
7.6
7.7
7.8
7.9
8
8.1
8.2
8.3
8.4
8.5
8.6
5.8
5.7
5.4
5.3
5.2
5.1
5
4.9
4.6
4.5
4.4
4.3
4.2
4.1
3.8
3.7
3.6
3.5
3.2
3.1
3
2.9
2.8
2.7
2.4
2.3
2.2
2.1
1.8
1.7
1.6
1.5
1.4
1.3
1.2
1.1
1
0.9
0.8
0.7
0.4
0.3
0.2
0.1
-3.51715e-16
-0.3
-0.4
-0.5
-0.6
-0.7
-0.8
-0.9
-1
2
1.79221
1.68102
0.806065
0.805451
0.857983
0.710885
0.384901
1.79091e-05
-0.0787552
-0.321492
-0.666474
-0.710885
-0.763439
-0.902253
-0.862335
-0.92848
-0.950872
-0.991749
-1.11575
-1.20057
-1.20502
-1.1192
-1.04557
-0.942835
-0.76219
-0.859312
-0.809224
-0.715744
-0.655418
-0.710885
-0.761861
-0.698638
-0.384901
-0.196731
-0.1344
-0.0656521
1.14224e-06
0.0789319
0.134501
0.155192
0.241573
0.313928
0.269369
0.215238
0.337782
0.446841
0.503709
1.55768
1.02498
1.13336
1.25241
1.368
1.42913
1.42785
1.35584
9.19972
3.4
3.5
9.19972
9.19972
1.34262
9
-0.406428
-0.403836
-0.496909
-0.494172
-1.19972
-1.10394
-1.19972
-1.10368
2.2
2.3
-1.19972
-1.20056
-1.11575
-1.1056
-1.18704
-1.0823
-0.8
-0.9
0.338407
0.407198
0.403559
0.31394
0.400684
0.303712
0.270237
0.214474
-0.6
-0.7
-0.407242
-0.497265
-0.502546
-0.403861
-0.476246
-0.497683
-0.400878
-0.337014
-0.312508
-0.303598
-0.266766
-0.212161
9
8.9
8.8
8.5
8.5
8.5
8.4
8.4
0.0938977
0.0788268
0.155278
0.196764
0.243108
8
7.9
7.9
7.8
7.8
7.9
1.50505
1.06949
1.13128
1.18683
0.906454
0.972251
7.1
7
6.9
6.8
8.0591e-05
6.1
6
5.9
5.8
5.7
-1.2027
-1.0624
-1.12699
-1.13211
-1.12783
-1.12644
-1.20895
-1.20651
7.7
7.6
7.6
7.6
7.5
7.5
-1.04573
-1.19972
-0.154678
-0.0935932
-0.195618
-1.2044
-1.19972
8.1
8
0.0940065
8.3
8.4
-0.303239
-0.215107
-0.240399
-0.312284
-0.268291
-0.400788
8.6
8.2
8.3
5.9
5.9
5.8
5.8
5.6
5.7
5.4
5.2
5.1
5
4.9
4.8
4.7
4.6
4.5
4.4
4.3
4.2
4.1
4
5.2
5.3
5.3
5.3
5.2
-0.807776
-0.852344
-0.810077
3.2
3.1
3
2.9
4.7
4.7
4.6
4.6
4.6
4.5
2.3
-0.0789273
-0.154797
-0.197056
-0.240575
4.1
4
0.597636
0.552342
3.6
3.7
0.9
0.8
1.1
1
2.8
2.7
3
2.9
3.2
3.1
3.1
3.1
3
3
3.9
3.8
1.8
1.9
4.7
4.6
7.4
7.3
-1.20895
-1.20651
-1.13289
-1.12821
-1.06225
-1.08347
-1.10589
7.3
7.3
7.4
7.4
0.9
1
6.8
6.8
6.7
6.7
0.7
0.8
0.533907
0.476697
0.497935
0.497129
0.494
-1.10578
-1.02879
-1.05448
-1.12282
0.901822
0.979451
-0.336994
-0.497661
-0.851955
-0.808033
-0.763439
-0.8
-0.799285
-0.703848
-0.7
-0.598141
-0.55157
-0.630905
4.6
4.6
4.5
4.5
4
4
3.9
3.9
3.8
9.1
9
-1.19972
-1.09968
-1.1
-1
9.19972
9.1
9.19972
9.09968
9.1
9.1
9
8.9
8.8
8.7
8.9
8.8
9.19972
9.1
9.1
8.7
8.6
-1.09968
-0.898724
-0.9507
-0.928527
-1.10939
-1.19972
-1.0013
-1.0431
-1.12784
-1.0459
8.3
8.2
8.4
8.3
8.1
8
7.9
7.8
7.7
7.6
8.5
8.5
8.6
8.6
8.1
8.2
8.1
7.8
6.3
6.2
-1.04317
-0.992077
-1.05605
8.6
8.5
8.4
8.1
8
7.9
7.8
7.7
7.2
7.1
7
0.598834
0.7
1.2
1.3
1.4
1.5
1.6
5.7
8.5
7.5
7.2
7.1
6.8
6.7
6.9
6.6
6.3
6.2
6.1
6
5.6
5.5
2.6
2.5
2.4
1.7
1.8
1.9
2
2.1
1.88049
1.99268
2
1.88968
2.2
2.3
2.4
2.5
2.6
3.3
3.4
3.7
4
4.1
4.2
4.3
4.4
4.5
4.8
5.1
5.2
5.3
5.4
5.5
5.6
5.7
5.8
5.9
6
6.1
6.2
6.6
6.5
6.4
6.3
5.4
5.3
5.2
5.1
5
4.9
4.8
4.7
4.4
4.1
3.7
3.6
3.3
3.2
2.9
2.8
2.7
2.6
2.5
2.4
2.1
6.2
5.9
5.8
5.5
5.4
5.1
5
4.9
4.8
4.5
4.4
4.3
4.2
4.1
4
3.9
3.8
3.5
3.4
3.3
3.2
3.1
3
2.9
2.8
2.7
2.6
2.5
2.4
2.3
2.2
2.1
2
1.7
1.6
1.5
1.4
1.3
1.2
1.1
0.598583
6.3
6.4
6.5
6.6
6.7
6.8
7.1
7.2
7.3
7.8
7.9
8.2
8.5
8.6
-0.6
-0.9
1.78274
1.68397
0.857109
0.814134
0.761029
0.710885
0.654824
0.59595
0.53457
0.478567
-0.533357
-0.596359
-0.938997
-0.96963
-0.992018
-0.969997
-0.939076
-0.654737
-0.595426
-0.535029
-0.477758
0.595667
0.654555
1.68798
1.60079
1.50144
1.59816
1.06531
1.26831
1.18013
1.42459
1.33081
1.38506
1.26475
1.40558
1.3
1.30665
1.41842
1.39538
1.49506
1.34058
1.12044
1.09483
1.079
1.19601
1.2
8.9
8.9
8.8
8.8
9.09968
0.62886
0.694119
0.72099
8.7
9.09968
8.99964
9
9.09968
2.7
2.8
0.629052
1.5994
1.50115
1.67853
1.58802
1.58999
1.68215
8.7
8.7
8.6
9
8.9
9
8.8
6.1
6
5.4
5.5
5.7
8.4
8
8
8
7.9
7.2
7.3
7.7
7.7
7.5
7.4
7.6
7.1
4.7
4.6
4.5
4.5
6.8
6.7
6.7
6.8
6.5
6.5
6.4
6.4
6.3
6.2
-0.632057
-0.720577
1.00031
0.811854
0.755847
0.864221
3.2
3.2
3.1
3.1
3
3
2.8
2.7
8.4
8.3
8.5
8.4
8.5
8.4
7.8
7.9
7.9
7.8
7.3
7.2
1.79101
1.7926
1.9
1.9
1.68365
1.30278
1.40893
1.27286
1.2961
1.59066
1.6719
1.67729
5.6
5.6
5.3
5.5
8.9
8.9
8.9
8.8
8.8
8.8
4.9
4.8
5.4
5.3
5.4
5.2
5.1
5.1
5
5
4.8
-1.00125
-1.02873
6.9
6.9
7
7
6.6
5.9
5.9
6
6
0.75417
0.694821
0.722664
0.800915
0.889422
0.87292
0.803353
0.832442
1
0.9
6.5
6.5
6.6
6.6
6.4
6.3
6.4
6.3
6.9
6.8
6.7
6.7
6.9
6.8
7.1
7
6.9
7
5.3
5.4
4.1
4
4.2
4.4
4.4
4.3
4.3
7.1
7.2
7.2
4.1
4
3.8
3.9
3.9
3.8
3.4
3.3
3.6
3.7
3.7
3.6
3.5
3.4
3.3
7.4
7.5
7.5
7.7
7.7
7.6
7.6
2.6
2.7
2.6
2.9
2.8
2.8
2.7
2.5
2.4
2.3
2.3
2.2
2.2
2
2
2.1
2.1
2
2.2
2.1
1.50257
1.41593
1.40398
1.59565
8.2
8.1
8
8
1.76293
2.4
2.5
2.1
2
2.3
2.2
2.6
2.7
2.5
2.6
2.4
2.5
2.9
2.9
3
3
3.3
3.2
3.2
3.3
3.4
3.5
3.4
3.5
3.5
3.6
3.6
3.9
3.8
4.4
4.3
4.1
5
4.9
5.5
5.5
5.6
5.6
5.7
5.7
5.8
5.8
1.1
1.20842
1.16557
1.19952
1.1961
1.08723
1.2
6.2
6.1
6
6.4
5.1
5.1
5.2
5.2
4.7
4.6
4.7
4.8
4.8
4.4
4.4
4.5
4.5
4.3
4.2
4.1
0.901784
0.961838
9
-1
-1.09968
-0.999641
-0.904196
-0.796064
-0.830214
-1
-0.9
9
-1.09968
-0.9
-0.912051
-0.85057
-0.830393
-0.903377
8.7
-0.850642
-0.91368
8.3
8.3
8.2
8.1
7.8
7.7
7.6
7.5
7.4
7.3
7.2
7.1
7
-0.801936
-0.705862
-0.600935
8.7
8.6
8.7
6.9
6.8
6.7
6.6
8.6
8.3
8.3
8
7.9
7.8
7.7
7.1
7
6.6
6.3
-1.09968
-1.1041
-1.11043
-1.10918
5.9
5.6
5.5
5.2
5.1
5.3
5
4.9
4.8
4.7
4.6
4.2
4
3.8
3.7
3.6
3.4
8.1
8.2
7.6
7.5
7.4
7.3
7.2
7.1
6.5
6.6
6.3
6.2
6.1
6
5.7
5.8
5.6
5.5
5.2
4.9
4.8
4.7
4.4
4.3
4.2
4.2
3.9
3.8
3.7
3.6
3.5
3.5
3.4
3.2
3.3
3
3.1
2.9
2.9
2.6
2.4
2.5
2.3
3.1
2.9
2.4
2.3
2.2
2.1
5.9
5.1
5
4.9
1.9
1.8
1.69584
1.59889
1.50098
1.19841
0.906253
0.8
0.704548
0.597201
8.2
8.1
8.2
8.1
5.4
5.3
5.4
4.3
4.2
4.1
3.8
3.9
3.7
3.2
3.3
3.1
2.8
2.8
2.6
2.3
2.2
2.1
1.90237
2.00054
1.8942
1.79859
1.78821
1.69837
1.69199
1.49301
1.49753
1.3
1.04353
0.96155
0.96723
1.03074
0.8
0.705075
1.76517
0.919867
0.86391
0.8
0.928133
0.550171
1.59135
1.58897
1.11235
1.00124
1.03185
-0.554701
-0.698065
-0.761474
-1.03004
1.50026
1.49715
1.41562
-1.01591
-0.794589
-0.717964
-1.00719
-1.0281
-1.01669
-1.01135
-1.00187
0.987966
1.10742
0.895301
0.987208
2.7
3.7
4
